Positions des particules 
0.535813 1.49542 2.48045 3.48682 4.47711 5.52653 6.54527 7.48286 8.4933 9.51074 
0.505011 1.50961 2.4921 3.44291 4.48168 5.53916 6.53609 7.57835 8.5789 9.54213 
0.549768 1.50311 2.50257 3.56589 4.51874 5.49923 6.54973 7.5728 8.53801 9.57772 
0.571247 1.61503 2.57797 3.54913 4.58561 5.58117 6.55698 7.49523 8.51343 9.50338 
0.531407 1.52688 2.6279 3.62888 4.61961 5.57293 6.53525 7.53806 8.58064 9.55924 
0.606628 1.58744 2.51843 3.57282 4.57724 5.6101 6.62868 7.63435 8.56677 9.58994 
0.566304 1.60201 2.61108 3.56469 4.5628 5.58335 6.61357 7.61482 8.69018 9.65523 
0.700794 1.66412 2.63372 3.62929 4.63844 5.57791 6.57192 7.61802 8.5839 9.61752 
0.612028 1.70199 2.70592 3.68437 4.64555 5.64943 6.59631 7.60074 8.59305 9.61788 
0.631181 1.60323 2.64002 3.68449 4.64475 5.71805 6.69201 7.66285 8.65799 9.6443 
0.689078 1.64132 2.58436 3.5558 4.69272 5.71944 6.73659 7.7577 8.71985 9.65363 
0.696614 1.64684 2.67964 3.70911 4.64546 5.6774 6.70539 7.7027 8.73827 9.72068 
0.724353 1.81818 2.76176 3.72819 4.74146 5.70028 6.65235 7.65207 8.62488 9.6902 
0.745123 1.72249 2.81065 3.77717 4.78445 5.71477 6.66998 7.68756 8.66768 9.68547 
0.696117 1.71577 2.6907 3.7278 4.72898 5.76084 6.81577 7.78006 8.77308 9.74787 
0.722268 1.75098 2.6683 3.66796 4.72741 5.8069 6.81943 7.826 8.83162 9.78772 
0.765558 1.776 2.8052 3.81003 4.7807 5.74415 6.77019 7.77802 8.75743 9.79292 
0.806358 1.89599 2.90623 3.84574 4.81636 5.80627 6.75119 7.70043 8.71859 9.70466 
0.840417 1.82727 2.83046 3.86467 4.84394 5.82605 6.77506 7.76136 8.771 9.78321 
0.840851 1.78223 2.76823 3.76057 4.79945 5.82313 6.85399 7.89501 8.90568 9.8659 
0.83555 1.82472 2.82931 3.76411 4.75755 5.81414 6.92052 7.8963 8.93728 9.88718 
0.896058 1.88082 2.84012 3.89654 4.90263 5.85769 6.79319 7.86218 8.82951 9.87954 
0.849334 1.92084 2.98804 3.94432 4.87974 5.89413 6.85471 7.83245 8.82352 9.82282 
0.873005 1.90087 2.88298 3.91736 4.91448 5.91794 6.91241 7.86925 8.9145 9.87873 
0.914438 1.91472 2.85112 3.83489 4.88354 5.92233 6.95943 7.97821 8.94757 9.94689 
0.928987 1.89889 2.93689 3.94051 4.87066 5.88493 6.96322 7.97326 8.93615 9.99126 
0.992393 2.0022 2.95749 3.93908 5.01327 5.96353 6.89992 7.8703 8.94127 9.91692 
0.952237 1.97834 3.03642 4.00008 4.9663 5.95313 6.96456 7.93974 8.91975 9.95743 
0.99057 1.95342 2.91896 3.99087 4.99212 5.99694 6.97228 7.99 9.00023 10.0342 
0.977366 2.0356 3.00138 3.93222 4.94944 5.98547 7.05828 8.04203 9.04855 9.98089 
1.04471 1.9775 3.01779 4.04728 5.05081 5.99588 6.98436 8.00016 9.01141 10.0529 
1.02088 2.09803 3.07686 4.04965 5.02956 6.04532 7.01254 7.9992 9.01301 10.0094 
1.06103 2.05516 3.05504 4.0722 5.02899 6.01467 7.08024 8.05012 9.07318 10.0354 
1.10671 2.04292 2.99792 3.98885 5.10035 6.07568 7.09215 8.0794 9.10513 10.1086 
1.0328 2.06607 3.12195 4.08672 5.0122 6.09021 7.13931 8.14992 9.10437 10.0658 
1.12178 2.09025 3.04295 4.13268 5.19468 6.13949 7.07156 8.05661 9.07366 10.1173 
1.09364 2.12379 3.19553 4.13193 5.10934 6.1146 7.13351 8.12794 9.09297 10.0893 
1.13078 2.14574 3.10787 4.16946 5.15454 6.12178 7.11342 8.14736 9.13131 10.1619 
1.12258 2.21514 3.14947 4.11921 5.15471 6.18839 7.15804 8.1373 9.1485 10.1624 
1.15873 2.13188 3.2308 4.22073 5.18038 6.1235 7.19039 8.18704 9.1582 10.1457 
1.21579 2.20419 3.14326 4.17707 5.22949 6.21971 7.18922 8.14794 9.18478 10.1876 
1.17715 2.2208 3.22827 4.20109 5.12187 6.18574 7.23475 8.25235 9.24068 10.2079 
1.28648 2.20199 3.16373 4.18225 5.27348 6.2317 7.1952 8.21706 9.23377 10.2566 
1.20774 2.23927 3.31647 4.27107 5.22049 6.25322 7.2685 8.22486 9.21233 10.1999 
1.21695 2.2672 3.25859 4.33103 5.31275 6.27419 7.228 8.22759 9.21947 10.2497 
1.30385 2.27832 3.26729 4.22996 5.28409 6.27187 7.25627 8.30489 9.27376 10.2868 
1.29806 2.2722 3.29945 4.26205 5.2081 6.21772 7.32538 8.34399 9.36614 10.3356 
1.3302 2.31963 3.26204 4.27593 5.31932 6.35435 7.29468 8.3052 9.31046 10.3285 
1.23646 2.30824 3.39643 4.42528 5.36525 6.32086 7.34701 8.3386 9.26852 10.2653 
1.31608 2.36252 3.36941 4.36279 5.41466 6.38872 7.35141 8.28517 9.28685 10.306 
1.4089 2.38819 3.34551 4.3321 5.30253 6.32764 7.34372 8.34741 9.40463 10.4145 
1.44579 2.37925 3.34775 4.35959 5.31088 6.28625 7.30738 8.41867 9.46166 10.4696 
1.40257 2.42721 3.41771 4.3675 5.38057 6.40288 7.40893 8.36238 9.39995 10.3887 
1.34866 2.36773 3.42934 4.49017 5.51331 6.43565 7.40671 8.41984 9.36175 10.3569 
1.39709 2.39105 3.43512 4.4386 5.43244 6.47977 7.44925 8.453 9.40423 10.4211 
1.4978 2.45934 3.42428 4.38464 5.3649 6.38158 7.46951 8.47159 9.5201 10.4995 
1.53237 2.49861 3.4331 4.41455 5.44798 6.40188 7.38875 8.49592 9.52611 10.5056 
1.44576 2.48307 3.54143 4.52287 5.46747 6.5177 7.50927 8.44183 9.41335 10.4737 
1.44949 2.48036 3.48331 4.56069 5.60087 6.55225 7.5054 8.48147 9.46735 10.4069 
1.52059 2.46891 3.50103 4.48697 5.51868 6.53286 7.54027 8.52993 9.5303 10.5302 
1.57274 2.52879 3.52021 4.50225 5.4527 6.47533 7.50118 8.59047 9.57614 10.6115 
1.55072 2.62493 3.55061 4.53478 5.54814 6.5236 7.52812 8.51188 9.58011 10.5501 
1.54282 2.52294 3.62967 4.64639 5.62575 6.57489 7.60394 8.53385 9.47748 10.5169 
1.50152 2.58155 3.58422 4.61729 5.63832 6.60906 7.59806 8.59512 9.57901 10.5421 
1.65051 2.6177 3.56159 4.54047 5.51499 6.61044 7.62303 8.63367 9.63372 10.6317 
1.66454 2.59621 3.59347 4.601 5.58152 6.52529 7.58378 8.64882 9.70868 10.6861 
1.63672 2.65414 3.68016 4.60544 5.63264 6.68131 7.63823 8.61763 9.60224 10.6126 
1.60228 2.62611 3.62154 4.76162 5.74214 6.68389 7.65488 8.65699 9.60455 10.5787 
1.63246 2.58706 3.69622 4.67662 5.70624 6.71208 7.69331 8.66823 9.67336 10.6587 
1.71128 2.71156 3.68165 4.65311 5.62721 6.6672 7.72056 8.70284 9.71424 10.6863 
1.71968 2.72395 3.68306 4.73363 5.71883 6.66033 7.62629 8.69879 9.74048 10.7425 
1.73635 2.74174 3.78435 4.72435 5.70417 6.73816 7.76533 8.69342 9.6381 10.6932 
1.69533 2.72474 3.73404 4.76995 5.81392 6.74213 7.7019 8.72308 9.78001 10.7057 
1.76327 2.76122 3.73777 4.7309 5.70385 6.7798 7.80948 8.76493 9.72907 10.7821 
1.79532 2.7583 3.76455 4.77243 5.75606 6.74508 7.74927 8.81422 9.78296 10.7958 
1.81236 2.79828 3.7921 4.80438 5.82542 6.80972 7.7592 8.71992 9.81499 10.7692 
1.80325 2.84939 3.83773 4.84065 5.79129 6.7937 7.83992 8.7913 9.74931 10.7807 
1.81582 2.78789 3.82297 4.82388 5.84971 6.81271 7.74758 8.83321 9.87207 10.883 
1.88666 2.86235 3.84191 4.77076 5.7557 6.81052 7.92881 8.88058 9.85008 10.8331 
1.83286 2.80966 3.81254 4.86936 5.88803 6.86787 7.83307 8.88624 9.91581 10.8767 
1.83724 2.89096 3.87525 4.90586 5.88756 6.93773 7.91067 8.85163 9.81712 10.8497 
1.89983 2.94046 3.93333 4.92742 5.90884 6.86718 7.87994 8.8746 9.86344 10.8403 
1.97306 2.91225 3.91377 4.90221 5.91444 6.88906 7.86106 8.83368 9.90923 10.9982 
1.9479 2.94968 3.95112 4.91262 5.85055 6.89079 7.9188 8.99755 9.94315 10.9164 
1.91487 2.88849 3.88766 4.94641 5.98531 6.98248 7.96532 8.92162 10.0013 10.9567 
1.94485 2.94619 3.95979 4.94835 5.99134 6.96632 8.03925 8.97732 9.9181 10.9303 
1.96325 3.00616 4.00774 4.99515 5.96772 6.94829 7.90309 9.00279 9.99157 11.0076 
2.06807 3.05096 3.99083 4.96801 5.92468 7.00174 7.98626 8.93021 9.99915 11.0451 
2.00052 2.99457 3.99067 5.03982 6.03174 6.96672 8.01718 9.07056 10.0404 10.9845 
1.99152 2.96006 3.98856 5.02511 6.0648 7.13757 8.08325 9.02027 10.0083 11.0288 
2.02341 3.06983 4.02885 5.02296 6.08165 7.05429 8.07516 9.07681 10.0419 11.005 
2.10696 3.05626 4.10893 5.05617 6.07593 7.01794 8.00376 9.02114 10.0945 11.1099 
2.11964 3.08697 4.14639 5.08097 6.0321 7.06763 8.08556 9.06751 10.0526 11.0837 
2.01861 3.08202 4.04339 5.14703 6.16198 7.1389 8.10319 9.12435 10.1208 11.0544 
2.07694 3.03962 4.09712 5.11152 6.16484 7.16909 8.19481 9.12963 10.079 11.1038 
2.12805 3.18195 4.16094 5.12604 6.09396 7.08996 8.11279 9.15306 10.1467 11.1445 
2.23262 3.22953 4.15464 5.13858 6.11111 7.11619 8.07523 9.07738 10.1328 11.2414 
2.18233 3.16698 4.1818 5.22652 6.15808 7.12284 8.16293 9.15634 10.174 11.1494 
2.10376 3.12612 4.1602 5.13976 6.25945 7.28137 8.24878 9.19287 10.2004 11.1401 
2.17837 3.15176 4.10141 5.18861 6.24851 7.24601 8.25802 9.23616 10.219 11.1965 
2.23838 3.22189 4.28399 5.21167 6.16904 7.16289 8.16922 9.24679 10.2366 11.2556 
2.33257 3.28515 4.29312 5.23727 6.22228 7.20903 8.17903 9.14566 10.216 11.2475 
2.20665 3.27949 4.26108 5.31316 6.30433 7.23858 8.23259 9.25949 10.2128 11.2311 
2.22258 3.20163 4.26223 5.25098 6.27401 7.36092 8.34763 9.28528 10.2272 11.2784 
2.31232 3.27478 4.2321 5.24659 6.29842 7.26773 8.28569 9.3322 10.342 11.2907 
2.37056 3.3513 4.33836 5.29875 6.24465 7.24916 8.26711 9.27298 10.3292 11.3321 
2.36604 3.34556 4.36497 5.35688 6.33443 7.32906 8.2787 9.26891 10.2486 11.3326 
2.28569 3.31827 4.37367 5.37188 6.39348 7.37323 8.33086 9.34123 10.3474 11.2617 
2.36654 3.31866 4.30119 5.33903 6.35663 7.36879 8.43285 9.35203 10.346 11.3872 
2.37325 3.40753 4.3773 5.32315 6.3119 7.30835 8.30383 9.45679 10.453 11.4255 
2.45273 3.43369 4.3925 5.35565 6.34256 7.33354 8.37425 9.36813 10.4153 11.4438 
2.40985 3.37917 4.41025 5.43963 6.44286 7.43221 8.431 9.39991 10.3598 11.3791 
2.3064 3.37682 4.43607 5.48028 6.47337 7.50035 8.44572 9.43939 10.4144 11.3826 
2.48541 3.4632 4.39693 5.41581 6.47386 7.46473 8.46156 9.45204 10.403 11.4105 
2.47278 3.44993 4.52264 5.46089 6.40916 7.37638 8.41014 9.43377 10.5354 11.5276 
2.53474 3.49972 4.46956 5.43986 6.45673 7.48215 8.43672 9.48004 10.4613 11.5095 
2.43782 3.48134 4.46126 5.54364 6.5109 7.51888 8.5161 9.52971 10.4968 11.4454 
2.47741 3.42609 4.51925 5.5315 6.55735 7.55087 8.5455 9.48642 10.5025 11.5166 
2.54559 3.59985 4.54421 5.49446 6.49935 7.50395 8.51793 9.56293 10.5214 11.4955 
2.57307 3.53978 4.54239 5.55345 6.51895 7.50261 8.50063 9.51587 10.5769 11.6332 
2.59211 3.56841 4.53602 5.51153 6.57614 7.57049 8.60778 9.56799 10.5585 11.5394 
2.4913 3.52222 4.59942 5.58528 6.60923 7.62141 8.6112 9.60105 10.6159 11.5429 
2.61994 3.59772 4.53245 5.6232 6.63312 7.64445 8.61844 9.56139 10.542 11.5989 
2.59873 3.6328 4.67814 5.61855 6.5945 7.55926 8.57521 9.64196 10.6408 11.6032 
2.67522 3.59605 4.60782 5.60091 6.64228 7.64502 8.60997 9.62098 10.6469 11.6697 
2.61842 3.645 4.62366 5.63257 6.63954 7.69026 8.68753 9.70284 10.6418 11.6048 
2.61172 3.60158 4.70744 5.71297 6.7075 7.66363 8.66978 9.64603 10.6539 11.6836 
2.74785 3.76318 4.70894 5.68516 6.69916 7.6629 8.68864 9.64693 10.6076 11.6193 
2.70047 3.73145 4.72526 5.72075 6.7025 7.66733 8.63576 9.65463 10.7306 11.7326 
2.74374 3.69006 4.66314 5.68217 6.67861 7.73849 8.7447 9.72989 10.7485 11.7536 
2.70806 3.71317 4.71811 5.68653 6.68811 7.74494 8.81275 9.78649 10.7858 11.7006 
2.7751 3.72588 4.70834 5.79494 6.80835 7.75477 8.70569 9.71048 10.7556 11.7771 
2.75807 3.85051 4.86264 5.79063 6.74404 7.74645 8.7344 9.76381 10.7031 11.7342 
2.80505 3.76895 4.79628 5.79845 6.80444 7.80663 8.75353 9.7233 10.8098 11.793 
2.82001 3.7998 4.74255 5.76385 6.7876 7.77608 8.86654 9.86636 10.8151 11.7932 
2.79579 3.80856 4.82186 5.79408 6.75965 7.82025 8.84839 9.84093 10.8346 11.8785 
2.87969 3.87611 4.83873 5.84853 6.88603 7.82614 8.78848 9.78253 10.8192 11.8289 
2.82739 3.88828 4.92943 5.89108 6.8731 7.84203 8.85781 9.82506 10.808 11.8037 
2.86291 3.81806 4.82128 5.89605 6.90218 7.91291 8.90043 9.86551 10.8362 11.902 
2.87824 3.90333 4.86361 5.82879 6.85151 7.88972 8.88931 9.97815 10.9466 11.8599 
2.97101 3.89805 4.91684 5.9036 6.87081 7.83408 8.88965 9.84929 10.9475 11.9799 
2.95472 3.98608 4.98838 5.93481 6.91924 7.87243 8.85653 9.88024 10.912 11.9279 
2.91706 3.94237 4.94578 5.93498 6.96752 7.97653 8.97004 9.93537 10.9223 11.892 
2.93197 3.85479 4.87126 5.9167 7.02526 7.99712 9.04831 10.0091 10.9692 11.952 
2.93366 3.95897 4.96624 5.94049 6.9137 8.01278 9.00848 10.0262 11.0156 11.9711 
3.0622 4.04831 4.97446 6.0361 7.00129 7.93909 8.93975 9.93263 10.9533 12.0316 
3.0071 4.04688 5.09276 6.06272 7.01226 7.96659 8.97846 9.93718 10.9815 12.005 
2.99523 3.98807 5.01229 5.99304 7.07385 8.08412 9.05858 10.0554 11.0197 11.9818 
3.01648 3.98094 4.9273 6.02356 7.05702 8.10389 9.08598 10.1263 11.0816 12.0305 
3.04867 4.04219 5.1096 6.04412 7.02678 8.01625 9.08692 10.0544 11.0783 12.0982 
3.16616 4.1572 5.11431 6.08695 7.11294 8.03339 8.99019 10.0219 11.0327 12.0612 
3.07423 4.13307 5.1318 6.11413 7.10005 8.10689 9.08452 10.068 11.0386 12.0973 
3.07815 4.02829 5.04601 6.10038 7.13041 8.17529 9.16286 10.1577 11.1257 12.1154 
3.11544 4.11558 5.08022 6.05785 7.10929 8.17705 9.17838 10.193 11.1709 12.094 
3.18717 4.14733 5.14037 6.20269 7.12611 8.09563 9.11089 10.096 11.1617 12.1955 
3.18696 4.25219 5.20909 6.15793 7.17184 8.14078 9.10604 10.0925 11.1421 12.1755 
3.17857 4.14684 5.20863 6.16632 7.20102 8.17471 9.21383 10.1968 11.1841 12.1358 
3.19349 4.12042 5.0958 6.20216 7.23784 8.25275 9.25754 10.2293 11.2085 12.1804 
3.13548 4.23903 5.25858 6.19819 7.19813 8.23446 9.23102 10.2355 11.2306 12.1888 
3.31694 4.26821 5.25177 6.2764 7.26526 8.18274 9.17799 10.1677 11.1654 12.2491 
3.28108 4.3155 5.29215 6.23704 7.21602 8.2195 9.23442 10.2 11.2019 12.2955 
3.24138 4.22554 5.24399 6.25749 7.25236 8.25338 9.23999 10.3471 11.315 12.2885 
3.30879 4.27628 5.21074 6.21503 7.28084 8.3365 9.35513 10.298 11.2923 12.2627 
3.25832 4.2724 5.3495 6.35558 7.30775 8.27092 9.28892 10.2641 11.3476 12.2928 
3.36562 4.36995 5.3458 6.32525 7.33773 8.31604 9.269 10.2748 11.241 12.3344 
3.37973 4.35383 5.36418 6.3335 7.28075 8.3186 9.30557 10.3528 11.3457 12.3164 
3.36343 4.30523 5.30823 6.34105 7.35 8.3373 9.34251 10.3974 11.4098 12.3679 
3.3409 4.39278 5.37609 6.30474 7.33395 8.44093 9.42302 10.3855 11.333 12.3635 
3.36237 4.33931 5.3668 6.47893 7.43824 8.3571 9.36188 10.3843 11.3787 12.3984 
3.43286 4.4405 5.41718 6.3491 7.42382 8.4302 9.43229 10.3736 11.3771 12.361 
3.41229 4.38168 5.4445 6.4474 7.39227 8.38603 9.41129 10.4274 11.4595 12.4469 
3.47078 4.4678 5.40133 6.43768 7.44135 8.45545 9.40388 10.4171 11.4515 12.434 
3.4507 4.45425 5.51524 6.48335 7.43871 8.43955 9.47241 10.4301 11.4311 12.4371 
3.45988 4.45328 5.45484 6.49127 7.51584 8.46595 9.44427 10.4838 11.4773 12.4776 
3.47889 4.52539 5.46272 6.41491 7.40897 8.54763 9.53665 10.5368 11.4961 12.4877 
3.50288 4.43292 5.46398 6.52095 7.51691 8.44798 9.51787 10.5474 11.5518 12.5646 
3.53783 4.56424 5.564 6.49026 7.53063 8.57257 9.52576 10.4919 11.4895 12.4722 
3.5286 4.54101 5.54518 6.6472 7.58495 8.53877 9.50647 10.5042 11.5102 12.504 
3.54054 4.51779 5.56969 6.53905 7.55719 8.57472 9.58703 10.5559 11.5727 12.5676 
3.59109 4.55072 5.55917 6.48866 7.51983 8.57465 9.6351 10.6162 11.6308 12.5875 
3.63293 4.57715 5.52982 6.63338 7.60933 8.57196 9.54172 10.6091 11.625 12.595 
3.55977 4.66308 5.70847 6.64886 7.60804 8.63713 9.62149 10.55 11.5299 12.5703 
3.61723 4.62723 5.64399 6.6765 7.69793 8.644 9.60839 10.6009 11.5928 12.5597 
3.64264 4.6284 5.60635 6.58951 7.60299 8.6641 9.68664 10.6831 11.6632 12.6734 
3.67059 4.63244 5.63556 6.61365 7.59872 8.60413 9.66746 10.7317 11.7066 12.7511 
3.72552 4.74081 5.69687 6.65449 7.70057 8.66804 9.6276 10.6175 11.6836 12.6685 
3.6952 4.71074 5.7703 6.78817 7.72434 8.69092 9.68765 10.6192 11.5934 12.6752 
3.66151 4.71177 5.70275 6.73253 7.73364 8.71952 9.72883 10.73 11.7107 12.6954 
3.73983 4.69934 5.67119 6.62852 7.67499 8.74143 9.79152 10.8022 11.7997 12.7496 
3.78642 4.70325 5.72089 6.73607 7.70986 8.71539 9.74078 10.7899 11.7936 12.7738 
3.74482 4.84187 5.84983 6.79474 7.78072 8.78984 9.71797 10.7043 11.7022 12.7153 
3.81164 4.81217 5.82493 6.87062 7.82811 8.78556 9.76522 10.7432 11.6898 12.682 
3.77327 4.78167 5.77808 6.76005 7.80303 8.78747 9.8235 10.7968 11.8379 12.843 
3.81205 4.81107 5.77262 6.72867 7.72712 8.78554 9.83639 10.9227 11.8899 12.8704 
3.87186 4.83186 5.78548 6.85202 7.82591 8.80859 9.82843 10.818 11.841 12.865 
3.82977 4.87466 5.94457 6.91 7.89291 8.86455 9.84664 10.7634 11.7822 12.7909 
3.82161 4.90964 5.90439 6.89501 7.92219 8.86524 9.84875 10.857 11.8337 12.8137 
3.92313 4.84899 5.82628 6.83652 7.83404 8.90325 9.88854 10.9189 11.9215 12.9418 
3.90671 4.8738 5.88932 6.85926 7.82196 8.81763 9.94529 10.989 11.9803 12.9313 
3.94784 4.93516 5.89526 6.86438 7.96568 8.95538 9.90092 10.8896 11.9094 12.9225 
3.89762 4.9289 5.96673 7.02484 7.95355 8.94716 9.95774 10.9337 11.8667 12.8808 
3.90587 4.92233 5.96998 6.94999 8.01209 8.98661 9.94365 10.9359 11.9585 12.9445 
3.99222 4.95515 5.93399 6.94432 7.94782 8.97212 10.0063 10.9884 11.9695 12.9911 
3.97819 4.99143 5.96019 7.0349 7.9672 8.95113 9.95151 11.0299 12.0125 12.9956 
4.00158 5.04262 6.01983 6.97376 8.02624 9.06454 10.0024 10.9293 11.9677 13.0163 
4.00664 5.0086 6.06257 7.06629 8.02197 8.95213 10.0426 11.0667 12.0246 12.9637 
4.06251 5.02931 5.98583 6.99338 8.02341 9.10221 10.0378 11.0157 12.0617 13.0756 
4.02946 5.05036 6.06623 7.03538 8.03479 9.02021 10.0884 11.1158 12.0613 13.0572 
4.08027 5.05696 6.08351 7.05816 8.13849 9.08853 10.0476 11.0486 12.0561 13.0725 
4.11081 5.10297 6.09939 7.11247 8.0847 9.1178 10.0952 11.0568 12.0273 13.0949 
4.06579 5.11445 6.12781 7.13927 8.09192 9.04519 10.0653 11.1533 12.1427 13.1282 
4.17224 5.14287 6.08789 7.03769 8.12512 9.16223 10.1579 11.0887 12.1255 13.1454 
4.10079 5.08622 6.15174 7.20971 8.14715 9.11831 10.147 11.1901 12.1695 13.0967 
4.13994 5.14847 6.1716 7.15581 8.19041 9.24347 10.1663 11.1183 12.1105 13.144 
4.22073 5.18988 6.20525 7.17719 8.16074 9.13058 10.1796 11.2026 12.1623 13.1315 
4.2372 5.21051 6.18856 7.17096 8.19344 9.15667 10.1264 11.1561 12.2612 13.2309 
4.21806 5.2382 6.24458 7.19417 8.16997 9.2099 10.2302 11.2056 12.1433 13.2496 
4.19803 5.21265 6.23053 7.27754 8.29683 9.23827 10.1935 11.2218 12.228 13.1782 
4.26673 5.22696 6.22891 7.24962 8.24816 9.27889 10.2732 11.2134 12.212 13.2489 
4.25562 5.29335 6.26804 7.2469 8.20654 9.17371 10.233 11.3293 12.3077 13.3043 
4.31318 5.32329 6.24744 7.21665 8.24937 9.27206 10.2592 11.2463 12.3293 13.3333 
4.27926 5.2499 6.31873 7.35792 8.31719 9.28148 10.3433 11.3088 12.2524 13.2528 
4.21615 5.29731 6.33063 7.3373 8.39509 9.39334 10.3154 11.3053 12.2853 13.2576 
4.37408 5.3413 6.29686 7.3296 8.30119 9.3465 10.3308 11.3503 12.3205 13.3138 
4.40046 5.35637 6.34397 7.32317 8.29491 9.24552 10.301 11.3403 12.4437 13.4272 
4.38498 5.39173 6.39295 7.30619 8.35253 9.35948 10.3342 11.3696 12.3495 13.4071 
4.33085 5.3319 6.35761 7.47555 8.46099 9.43268 10.3975 11.3963 12.3395 13.2969 
4.32393 5.31567 6.41969 7.43128 8.45545 9.4794 10.4419 11.3876 12.3865 13.35 
4.44246 5.46497 6.39786 7.37428 8.37331 9.35657 10.4384 11.4204 12.4568 13.438 
4.50762 5.475 6.41326 7.4093 8.36886 9.35924 10.324 11.4301 12.5009 13.5463 
4.46277 5.47056 6.47348 7.47387 8.40259 9.43776 10.454 11.4436 12.4445 13.4432 
4.39705 5.42187 6.44902 7.45996 8.58902 9.56031 10.4934 11.4707 12.4508 13.3857 
4.44877 5.40187 6.41125 7.53803 8.50009 9.5406 10.5446 11.5152 12.4748 13.4742 
4.51139 5.53687 6.50828 7.42516 8.48466 9.46307 10.4885 11.5323 12.524 13.5469 
4.56066 5.55338 6.54357 7.503 8.52432 9.4732 10.4641 11.4632 12.5368 13.5706 
4.52459 5.54858 6.55954 7.60492 8.54414 9.54257 10.5574 11.5291 12.4871 13.4664 
4.4671 5.51028 6.55049 7.56222 8.61127 9.64426 10.5613 11.541 12.5553 13.5328 
4.6081 5.5494 6.5264 7.56026 8.54622 9.53102 10.6236 11.6319 12.5716 13.5591 
4.62714 5.62407 6.58054 7.5652 8.51793 9.55997 10.5381 11.5688 12.6622 13.6352 
4.60366 5.65251 6.63078 7.61838 8.59548 9.60675 10.5678 11.5686 12.558 13.6489 
4.61523 5.63698 6.64613 7.66251 8.67307 9.63823 10.6368 11.6363 12.5707 13.5066 
4.61813 5.57509 6.61521 7.6791 8.6738 9.68145 10.6416 11.5842 12.6522 13.6733 
4.65456 5.72031 6.65641 7.6032 8.59163 9.60269 10.6563 11.738 12.6812 13.6614 
4.71416 5.66002 6.64373 7.64707 8.6701 9.63281 10.6529 11.6438 12.7223 13.7504 
4.69407 5.67391 6.7252 7.7029 8.69832 9.68586 10.7295 11.6878 12.6647 13.6467 
4.61212 5.7304 6.73296 7.72699 8.75931 9.74136 10.7003 11.7119 12.7068 13.6584 
4.77349 5.7048 6.69685 7.7466 8.72786 9.73803 10.7354 11.7017 12.6782 13.7491 
4.74487 5.78827 6.76981 7.72465 8.70057 9.68765 10.7243 11.7488 12.8064 13.7284 
4.78121 5.74515 6.73208 7.75019 8.7877 9.77737 10.7323 11.7327 12.7244 13.8323 
4.77091 5.79902 6.79285 7.79179 8.77558 9.7889 10.785 11.819 12.7438 13.7002 
4.7767 5.754 6.82106 7.80707 8.81692 9.79951 10.7634 11.7353 12.8414 13.8233 
4.85842 5.84766 6.80567 7.77891 8.7731 9.74567 10.8455 11.8354 12.7828 13.8371 
4.80182 5.8306 6.80051 7.80949 8.81722 9.8119 10.8129 11.8561 12.8934 13.8479 
4.83475 5.8152 6.79918 7.82586 8.88268 9.88933 10.9033 11.8345 12.8259 13.8427 
4.79841 5.87042 6.91995 7.87041 8.8553 9.87716 10.8727 11.8946 12.8641 13.8021 
4.94232 5.88429 6.84772 7.92021 8.88072 9.89886 10.822 11.8187 12.851 13.9309 
4.91109 5.93808 6.91099 7.89286 8.84269 9.84977 10.9022 11.9202 12.9069 13.8936 
4.88139 5.84793 6.87536 7.84858 8.97971 9.94523 10.9297 11.9408 12.9477 13.9435 
4.90248 5.88012 6.86875 7.9214 8.95405 10.0088 10.9996 11.9821 12.9033 13.8909 
4.90157 5.93008 7.01701 7.99157 8.9515 9.9126 10.9266 11.95 12.9591 13.9432 
5.07537 6.04635 6.98709 7.95628 8.96308 9.93222 10.9302 11.8732 12.9117 13.9794 
4.9811 6.01804 7.00093 8.00015 8.9771 9.93063 10.9264 11.9967 12.9854 14.0099 
4.97197 5.93201 6.94894 7.97664 8.96825 10.0737 11.0608 12.0324 13.0022 14.0311 
4.99676 5.99285 6.97537 7.93557 9.03017 10.0781 11.0647 12.0749 13.0452 13.9761 
5.06785 6.01588 7.02985 8.10513 9.02527 10.0024 11.0003 11.9945 13.0551 14.0449 
5.07443 6.14963 7.09522 8.05901 9.04862 10.0395 11.0207 11.9991 12.9762 14.0505 
5.04738 6.03032 7.09667 8.0718 9.12788 10.0827 11.0439 12.0602 13.0812 14.0425 
5.08331 6.0276 7.01756 8.08017 9.07616 10.1123 11.1905 12.1408 13.0784 14.0492 
5.06302 6.12757 7.09276 8.05227 9.0784 10.1145 11.0833 12.1257 13.1623 14.1278 
5.1795 6.17871 7.15361 8.1504 9.10256 10.0519 11.0717 12.0714 13.0743 14.1653 
5.17139 6.19166 7.17619 8.1849 9.15228 10.1284 11.1117 12.075 13.0829 14.0966 
5.06841 6.11869 7.15466 8.18052 9.18328 10.2134 11.1792 12.1655 13.1403 14.1388 
5.19318 6.14116 7.1038 8.12124 9.18296 10.21 11.2121 12.2434 13.1591 14.1472 
5.22172 6.17731 7.22133 8.1812 9.14024 10.1416 11.1372 12.1443 13.2759 14.245 
5.27257 6.29602 7.25513 8.20562 9.17234 10.1439 11.1185 12.19 13.1591 14.2442 
5.22242 6.23579 7.21023 8.24316 9.26311 10.2447 11.2036 12.2073 13.1992 14.1994 
5.16765 6.13008 7.2175 8.25509 9.25266 10.2895 11.3297 12.2795 13.262 14.2169 
5.23697 6.27823 7.2087 8.18422 9.24785 10.3113 11.285 12.2918 13.2904 14.2378 
5.31733 6.27997 7.27947 8.32552 9.23667 10.2183 11.2207 12.246 13.2663 14.3536 
5.33934 6.36486 7.32313 8.29293 9.29217 10.2875 11.2602 12.2345 13.2743 14.2466 
5.25522 6.26365 7.32464 8.31063 9.38042 10.3374 11.3295 12.3037 13.2899 14.2921 
5.3172 6.26979 7.24961 8.33986 9.33659 10.3587 11.3852 12.3707 13.3032 14.3279 
5.33923 6.36648 7.3672 8.28649 9.30333 10.3204 11.314 12.3574 13.4113 14.3646 
5.43611 6.37548 7.36788 8.36884 9.3482 10.278 11.2974 12.3535 13.3622 14.4144 
5.36934 6.41805 7.38588 8.36639 9.34643 10.424 11.3904 12.3671 13.3551 14.3509 
5.30959 6.30566 7.36799 8.44683 9.43797 10.4383 11.4331 12.4045 13.415 14.3863 
5.42719 6.41917 7.37907 8.36625 9.45201 10.4308 11.4722 12.4371 13.3709 14.3622 
5.44334 6.43425 7.45101 8.45595 9.36711 10.4093 11.3673 12.4071 13.4727 14.4803 
5.48975 6.49135 7.41967 8.42134 9.39095 10.4527 11.4133 12.4295 13.4694 14.4821 
5.43019 6.43955 7.43285 8.44405 9.46021 10.4788 11.5378 12.5095 13.4641 14.4346 
5.44461 6.36993 7.42391 8.53784 9.54506 10.5418 11.487 12.4939 13.4823 14.477 
5.46027 6.57405 7.55052 8.49066 9.50186 10.5131 11.4884 12.5127 13.4578 14.4256 
5.5673 6.53713 7.561 8.55188 9.52401 10.4523 11.458 12.4399 13.4871 14.5679 
5.58143 6.57743 7.51932 8.49122 9.50147 10.498 11.5416 12.5077 13.5258 14.5741 
5.48989 6.52543 7.5297 8.54643 9.51865 10.5295 11.5842 12.6282 13.5811 14.5566 
5.57885 6.54707 7.50733 8.53442 9.63671 10.6335 11.5752 12.5383 13.543 14.567 
5.56826 6.58962 7.66709 8.63597 9.55503 10.5676 11.5773 12.5608 13.5842 14.5271 
5.62504 6.63102 7.5809 8.62135 9.61433 10.5994 11.5513 12.5681 13.5614 14.6518 
5.60884 6.65109 7.61989 8.5622 9.5823 10.6116 11.6104 12.6686 13.6398 14.6216 
5.63202 6.56437 7.6358 8.65382 9.63036 10.5966 11.6445 12.6684 13.6649 14.657 
5.65458 6.71109 7.65317 8.62947 9.67983 10.7 11.6461 12.622 13.6043 14.619 
5.6524 6.66625 7.72735 8.73895 9.67153 10.6439 11.6582 12.6576 13.6399 14.6349 
5.733 6.68254 7.63811 8.65574 9.7185 10.7088 11.7029 12.6545 13.6971 14.6716 
5.64846 6.70736 7.72365 8.66514 9.64075 10.6885 11.7399 12.7433 13.7608 14.7165 
5.77439 6.71464 7.67037 8.74312 9.74322 10.7127 11.6764 12.7168 13.6753 14.779 
5.74713 6.78466 7.82018 8.764 9.73409 10.7296 11.6964 12.6848 13.7112 14.7054 
5.73258 6.774 7.77941 8.76706 9.76483 10.7496 11.7407 12.748 13.7458 14.7472 
5.78164 6.75023 7.68602 8.71834 9.75229 10.8069 11.7964 12.8308 13.7994 14.7989 
5.75854 6.73323 7.79015 8.77265 9.72323 10.7422 11.8533 12.8482 13.8474 14.8236 
5.85818 6.85478 7.7962 8.75431 9.86266 10.8314 11.7686 12.7722 13.7749 14.7908 
5.78808 6.82323 7.87498 8.91572 9.83003 10.8288 11.804 12.8006 13.7672 14.8029 
5.80513 6.82549 7.80612 8.83774 9.85125 10.9097 11.8745 12.8476 13.8318 14.8179 
5.83867 6.82441 7.80742 8.77983 9.84663 10.8739 11.8977 12.9114 13.9184 14.8806 
5.92529 6.86245 7.85628 8.89641 9.82475 10.8308 11.8398 12.9136 13.882 14.9191 
5.90653 6.98274 7.93522 8.89723 9.9068 10.9026 11.8276 12.8043 13.8663 14.8928 
5.89597 6.88017 7.97492 8.95617 9.9319 10.8955 11.9311 12.9084 13.8683 14.8513 
5.89141 6.88857 7.84427 8.88986 9.94979 10.9921 11.9976 12.966 13.9397 14.9061 
5.8931 6.93006 7.90858 8.88938 9.91334 10.9513 11.9792 12.9885 14.0102 14.9733 
6.03298 7.01402 7.97801 8.95515 9.95867 10.899 11.9283 12.9366 13.9126 14.9933 
6.01959 7.01542 8.05997 9.01224 9.96866 10.9741 11.9244 12.8827 13.9263 14.9969 
5.95296 6.9938 7.97607 9.01253 9.97756 11.0292 11.9969 13.0502 14.0042 14.9583 
5.99452 6.94089 7.90708 8.92915 10.0337 11.0717 12.0948 13.0815 14.0449 15.0251 
5.99642 6.96133 8.04558 9.02363 10.0222 11.0259 12.049 13.0494 14.0709 15.0507 
6.08968 7.152 8.10146 9.08135 10.0798 11.0285 11.9737 12.9934 13.9726 14.9941 
6.13021 7.10842 8.14398 9.12567 10.0638 11.0404 12.0255 13.0068 13.9761 15.0173 
6.0419 7.06517 8.05554 9.06523 10.0784 11.0908 12.0866 13.0789 14.1557 15.0917 
6.08462 7.09046 8.02195 9.01446 10.0488 11.1262 12.1765 13.1703 14.1198 15.1285 
6.11295 7.09257 8.10543 9.14423 10.111 11.1046 12.0858 13.1297 14.0971 15.1696 
6.1803 7.20185 8.20371 9.16127 10.144 11.1469 12.0851 13.0258 14.0982 15.0777 
6.14985 7.19627 8.18652 9.19454 10.1551 11.1022 12.1396 13.1333 14.1121 15.1268 
6.15469 7.10905 8.11158 9.13489 10.172 11.1911 12.1722 13.1766 14.2289 15.217 
6.17196 7.15445 8.18534 9.12805 10.1291 11.1771 12.2721 13.2373 14.2175 15.1667 
6.22983 7.2024 8.18164 9.20591 10.2547 11.1979 12.1561 13.1983 14.1975 15.187 
6.21223 7.26901 8.27318 9.23543 10.1721 11.2588 12.2253 13.1721 14.1492 15.2155 
6.2309 7.2264 8.20797 9.26956 10.2508 11.206 12.2168 13.2581 14.2732 15.2148 
6.26525 7.24291 8.21101 9.17719 10.2608 11.2806 12.3074 13.2486 14.2596 15.2727 
6.25372 7.24792 8.28179 9.30322 10.2455 11.2691 12.2678 13.2949 14.269 15.2646 
6.30569 7.29428 8.313 9.30983 10.3263 11.3074 12.2208 13.2297 14.2898 15.2724 
6.33207 7.33166 8.36214 9.29132 10.2588 11.2568 12.3509 13.3029 14.2723 15.2818 
6.31938 7.28149 8.25204 9.30978 10.3548 11.3068 12.2627 13.3577 14.3903 15.3775 
6.31003 7.36209 8.33753 9.28628 10.2623 11.3798 12.4221 13.3692 14.328 15.3268 
6.34034 7.32716 8.33465 9.36542 10.4117 11.3656 12.3591 13.3516 14.3534 15.3468 
6.37816 7.37025 8.35755 9.40541 10.3614 11.4048 12.3869 13.3388 14.3565 15.3676 
6.37964 7.42798 8.38185 9.39985 10.3467 11.3512 12.4002 13.428 14.4077 15.3758 
6.42001 7.39073 8.38216 9.36586 10.4554 11.4138 12.3728 13.3592 14.4498 15.4608 
6.42946 7.4164 8.48875 9.44385 10.378 11.4254 12.4656 13.4506 14.3796 15.3645 
6.39611 7.43526 8.40886 9.48698 10.512 11.4755 12.3881 13.4265 14.4413 15.4433 
6.44457 7.46986 8.46322 9.43583 10.4247 11.4561 12.5176 13.4911 14.4355 15.4469 
6.49005 7.46197 8.45434 9.47407 10.4541 11.4558 12.4566 13.4935 14.5165 15.5002 
6.50259 7.54651 8.50309 9.49417 10.4811 11.5238 12.4721 13.4415 14.4596 15.5042 
6.53093 7.54896 8.54761 9.5757 10.5349 11.4721 12.5089 13.5086 14.4397 15.433 
6.5229 7.49277 8.53619 9.51901 10.5642 11.543 12.5133 13.4679 14.5554 15.5573 
6.54121 7.55575 8.51996 9.4956 10.4568 11.5125 12.5747 13.6352 14.5929 15.5589 
6.59257 7.54104 8.47514 9.55251 10.5532 11.5516 12.5578 13.5673 14.6014 15.6226 
6.53327 7.58202 8.66057 9.61456 10.6037 11.5953 12.5917 13.5394 14.5443 15.522 
6.52163 7.64673 8.6419 9.64908 10.6879 11.6164 12.5733 13.5676 14.5443 15.5095 
6.64442 7.57771 8.60234 9.61313 10.5915 11.6208 12.62 13.622 14.582 15.6561 
6.66607 7.63575 8.61125 9.56102 10.5408 11.5566 12.632 13.686 14.738 15.6741 
6.70033 7.67362 8.61963 9.59622 10.6488 11.6264 12.6293 13.6369 14.6552 15.6868 
6.61931 7.67697 8.72336 9.75888 10.7034 11.6861 12.6578 13.6357 14.5735 15.6098 
6.61809 7.66076 8.74645 9.73099 10.7312 11.7424 12.6621 13.6484 14.6643 15.6117 
6.7399 7.68881 8.63253 9.66231 10.6649 11.6727 12.742 13.7225 14.7267 15.7356 
6.74805 7.71669 8.67047 9.66393 10.6207 11.6689 12.677 13.7911 14.8109 15.792 
6.72675 7.76937 8.75999 9.71963 10.6975 11.7211 12.7451 13.7163 14.7326 15.7431 
6.72621 7.74812 8.77317 9.79964 10.8415 11.7596 12.7755 13.7379 14.6747 15.6667 
6.70857 7.7238 8.76173 9.78421 10.7778 11.8222 12.7987 13.7571 14.7697 15.7707 
6.82401 7.7912 8.71252 9.71623 10.7256 11.7644 12.8066 13.8632 14.8383 15.8041 
6.83591 7.80435 8.78382 9.76388 10.7631 11.7696 12.796 13.7928 14.8662 15.8422 
6.81339 7.81082 8.88753 9.86805 10.8333 11.8539 12.7998 13.782 14.7444 15.7961 
6.75508 7.8502 8.87583 9.92076 10.9043 11.8523 12.7933 13.8569 14.8044 15.748 
6.87951 7.81217 8.83441 9.81297 10.8417 11.8786 12.8911 13.8465 14.8468 15.8889 
6.89416 7.85847 8.85144 9.81266 10.7977 11.8057 12.8663 13.9366 14.9731 15.9082 
6.91832 7.91836 8.87584 9.8666 10.8586 11.8492 12.8959 13.9003 14.8906 15.9021 
6.90866 7.91509 8.92803 9.94101 10.9552 11.9294 12.9305 13.865 14.8218 15.8527 
6.852 7.88366 8.97047 9.97361 10.9722 11.9415 12.8926 13.8972 14.9537 15.8823 
6.98652 7.96099 8.87158 9.91056 10.8991 11.9618 12.9759 13.9505 14.9064 15.9674 
6.9308 7.95061 8.95107 9.95527 10.9233 11.9042 12.9227 13.984 15.0322 16.0083 
7.00676 7.98891 8.98221 9.95788 10.9759 11.9995 12.9625 13.9586 14.9487 15.9531 
6.94869 8.00162 9.0044 10.0475 11.0175 11.9953 12.9746 14.0143 14.9586 15.9431 
6.97266 7.96029 9.03298 10.0141 11.0072 12.0487 13.0105 13.9844 14.9976 16.0488 
7.0943 8.03998 9.01591 9.9773 11.0166 12.0147 13.0496 14.0551 15.0142 15.9712 
7.01855 8.05104 9.07475 10.0734 11.0594 12.0148 12.998 14.0106 15.0703 16.0496 
7.10722 8.11647 9.06358 10.0667 11.0568 12.0782 13.0829 14.0211 14.953 16.0461 
7.05477 8.06484 9.10645 10.1129 11.0881 12.0377 13.008 14.0728 15.1456 16.0726 
7.13849 8.08972 9.04665 10.0431 11.059 12.0996 13.1192 14.1107 15.0853 16.1436 
7.09089 8.09365 9.08071 10.1071 11.0689 12.1436 13.1196 14.1753 15.133 16.0942 
7.09267 8.0657 9.13714 10.1676 11.1596 12.1644 13.1339 14.1051 15.1406 16.1118 
7.1585 8.20814 9.17194 10.1214 11.1583 12.1398 13.1815 14.1367 15.0865 16.0873 
7.16912 8.15235 9.17636 10.1844 11.1583 12.1161 13.0743 14.1501 15.1962 16.2445 
7.24907 8.2227 9.15941 10.124 11.0999 12.1897 13.2054 14.1777 15.1909 16.1746 
7.13335 8.15857 9.17545 10.2087 11.2305 12.2074 13.2306 14.2041 15.236 16.1804 
7.1872 8.16381 9.16006 10.2759 11.2641 12.2674 13.2522 14.2037 15.1588 16.2035 
7.21039 8.26971 9.2794 10.2156 11.2157 12.2243 13.1901 14.2719 15.2393 16.1919 
7.32658 8.24716 9.24197 10.2251 11.2281 12.1964 13.211 14.1877 15.2807 16.335 
7.2892 8.28007 9.28092 10.2519 11.2155 12.2307 13.2824 14.286 15.2753 16.2594 
7.19702 8.2413 9.27082 10.3021 11.3 12.331 13.3208 14.2962 15.3016 16.2623 
7.31385 8.27928 9.25072 10.2666 11.3598 12.3116 13.3699 14.321 15.2515 16.2704 
7.3095 8.31786 9.35921 10.3056 11.2498 12.2927 13.2695 14.3152 15.388 16.3589 
7.40969 8.37377 9.31466 10.3204 11.2786 12.3165 13.3019 14.3204 15.3143 16.3877 
7.30398 8.35546 9.33034 10.396 11.3836 12.3546 13.3764 14.3554 15.3477 16.3061 
7.29856 8.25682 9.35566 10.4211 11.4305 12.4518 13.4154 14.3462 15.3614 16.3438 
7.37062 8.41951 9.36532 10.3617 11.3951 12.3829 13.3884 14.4349 15.3948 16.3395 
7.47174 8.42033 9.43209 10.3819 11.3455 12.331 13.3504 14.3593 15.4139 16.5184 
7.48646 8.4476 9.47154 10.4206 11.3918 12.3727 13.3647 14.3851 15.4342 16.4213 
7.34698 8.45121 9.44392 10.4559 11.4915 12.478 13.4703 14.4573 15.3977 16.3747 
7.41198 8.35971 9.40542 10.4801 11.5365 12.5174 13.5076 14.4629 15.4001 16.4575 
7.47995 8.48525 9.48049 10.4457 11.436 12.4467 13.4544 14.4922 15.512 16.4782 
7.59562 8.53763 9.47765 10.4855 11.4459 12.4118 13.439 14.4324 15.4831 16.5739 
7.48518 8.55086 9.52974 10.5522 11.5038 12.4785 13.4699 14.4541 15.526 16.5038 
7.4759 8.45857 9.54125 10.5245 11.5566 12.5977 13.5757 14.525 15.5139 16.4566 
7.53981 8.48896 9.45262 10.5277 11.5858 12.5512 13.5928 14.5919 15.5425 16.5241 
7.54217 8.59376 9.59272 10.5196 11.4672 12.5431 13.5429 14.5734 15.5899 16.6042 
7.66493 8.61652 9.57967 10.5872 11.5917 12.5349 13.5257 14.5265 15.5387 16.5749 
7.53632 8.62224 9.66302 10.6388 11.6256 12.5896 13.598 14.5612 15.5418 16.5358 
7.58328 8.56441 9.57776 10.6421 11.646 12.6665 13.6389 14.5833 15.5738 16.6077 
7.65291 8.6342 9.58048 10.5553 11.6172 12.6069 13.6026 14.6972 15.682 16.6265 
7.67829 8.63973 9.66012 10.605 11.5685 12.5449 13.6623 14.6571 15.6982 16.7128 
7.68166 8.65508 9.66063 10.6492 11.6666 12.6954 13.6205 14.646 15.648 16.6756 
7.59621 8.66022 9.71932 10.748 11.6959 12.6886 13.7044 14.7086 15.6599 16.5891 
7.70589 8.67586 9.66512 10.6746 11.7567 12.7211 13.727 14.648 15.6626 16.7051 
7.71203 8.74337 9.73432 10.6739 11.638 12.6533 13.6936 14.7502 15.773 16.7418 
7.78593 8.72365 9.68488 10.7115 11.6879 12.6778 13.7278 14.7591 15.7435 16.7832 
7.71695 8.7385 9.72844 10.7157 11.7856 12.7963 13.7907 14.7214 15.7438 16.7193 
7.68531 8.68925 9.77256 10.8491 11.8169 12.7806 13.7683 14.7607 15.7758 16.7299 
7.81942 8.81687 9.76528 10.7588 11.7971 12.7972 13.7788 14.7715 15.7268 16.7683 
7.81715 8.81266 9.85212 10.7907 11.7376 12.7218 13.7749 14.7934 15.8446 16.8267 
7.87361 8.79462 9.77331 10.8005 11.8279 12.8081 13.7776 14.8272 15.8404 16.8199 
7.7637 8.85212 9.85573 10.8306 11.7991 12.8756 13.8757 14.8676 15.8137 16.781 
7.84774 8.79971 9.83507 10.8895 11.913 12.8499 13.8429 14.8109 15.8054 16.8924 
7.90827 8.92389 9.9016 10.8221 11.8427 12.8387 13.8642 14.8594 15.8582 16.839 
7.87989 8.86351 9.87773 10.8829 11.8687 12.8402 13.8688 14.9032 15.9138 16.931 
7.89419 8.89646 9.82216 10.8577 11.9345 12.9473 13.9396 14.8944 15.9154 16.8995 
7.85075 8.86474 9.97446 10.954 11.9069 12.9205 13.9472 14.9146 15.9553 16.8845 
8.00618 8.97623 9.92457 10.9676 11.9692 12.929 13.894 14.8911 15.8743 16.9124 
7.97398 9.02927 10.0075 10.9572 11.912 12.9262 13.9073 14.9454 15.9188 16.9386 
7.96499 8.89628 9.96884 10.98 11.9687 12.9827 13.9528 14.971 16.0192 16.9833 
7.96325 8.99347 9.93763 10.9216 11.9901 13.0448 14.0688 15.031 15.9748 16.9339 
7.97021 8.96332 9.99879 11.0655 12.0203 12.9929 13.9838 14.9882 15.9955 17.0525 
8.08971 9.10704 10.0743 11.007 12.0169 13.0161 13.972 14.9593 15.9779 16.9823 
8.05954 9.05243 10.0751 11.0575 12.0468 12.9927 14.0165 14.9999 16.0192 17.0545 
8.03212 9.01049 9.98925 11.0516 12.0566 13.0485 14.0928 15.0816 16.1029 17.08 
8.0503 9.06659 10.0543 10.9945 12.0115 13.0919 14.1463 15.1204 16.1231 17.0587 
8.14406 9.06887 10.0686 11.1022 12.1134 13.0372 14.0617 15.0802 16.0978 17.1151 
8.08423 9.18854 10.1878 11.1061 12.0709 13.135 14.088 15.0668 16.0585 17.0749 
8.11565 9.07288 10.104 11.1939 12.1637 13.1588 14.1206 15.1223 16.1014 17.079 
8.12082 9.10165 10.1003 11.0838 12.1777 13.1603 14.2042 15.19 16.1618 17.1034 
8.16947 9.14458 10.1517 11.1251 12.076 13.1617 14.1707 15.1388 16.2123 17.2252 
8.24033 9.23941 10.1722 11.1828 12.1719 13.1103 14.0702 15.1561 16.2 17.2038 
8.18859 9.22257 10.2343 11.2142 12.1919 13.164 14.2269 15.1516 16.1475 17.1773 
8.15204 9.11611 10.169 11.2318 12.2849 13.2535 14.2425 15.2402 16.2196 17.1809 
8.19236 9.20481 10.1879 11.1981 12.1893 13.2886 14.2682 15.3033 16.2481 17.1812 
8.31045 9.25339 10.2436 11.2254 12.2126 13.1787 14.2317 15.2031 16.2468 17.3279 
8.30678 9.32988 10.3282 11.2505 12.2483 13.1994 14.1571 15.2254 16.2796 17.2801 
8.27032 9.2685 10.2744 11.2745 12.2969 13.2968 14.3153 15.2962 16.2231 17.2609 
8.22406 9.21032 10.2006 11.2714 12.3809 13.3677 14.3557 15.3188 16.3298 17.2891 
8.28173 9.29291 10.2887 11.3084 12.2802 13.3335 14.3601 15.3255 16.3513 17.2977 
8.41769 9.38857 10.3357 11.3719 12.3193 13.261 14.2492 15.3015 16.3027 17.3441 
8.35258 9.43431 10.4118 11.3511 12.3326 13.343 14.3085 15.2589 16.3097 17.3609 
8.33908 9.29501 10.3757 11.3959 12.4077 13.3753 14.3821 15.4019 16.3688 17.2934 
8.36306 9.34273 10.3132 11.3565 12.4031 13.4667 14.4395 15.4049 16.3776 17.3393 
8.39376 9.41603 10.4223 11.3817 12.3747 13.3647 14.4012 15.3843 16.3996 17.4399 
8.50676 9.47344 10.4392 11.4038 12.4312 13.358 14.3103 15.3584 16.4414 17.4273 
8.44434 9.44232 10.4772 11.4219 12.3933 13.4182 14.4682 15.4194 16.3701 17.4663 
8.39289 9.38929 10.3717 11.4768 12.5104 13.4941 14.4459 15.4896 16.473 17.4494 
8.43676 9.46517 10.4526 11.4518 12.4696 13.5153 14.5073 15.4919 16.4612 17.4131 
8.48688 9.52441 10.5292 11.5284 12.4669 13.4119 14.4659 15.4446 16.4825 17.4955 
8.53448 9.5749 10.5052 11.4759 12.5028 13.49 14.4447 15.4498 16.4791 17.551 
8.51187 9.47451 10.5341 11.5313 12.4748 13.4976 14.5553 15.5838 16.537 17.4792 
8.53368 9.48299 10.4562 11.489 12.6106 13.6071 14.5704 15.5301 16.5534 17.5178 
8.49854 9.57386 10.5804 11.5623 12.5491 13.5697 14.5735 15.5504 16.5342 17.5308 
8.59688 9.59394 10.6187 11.6089 12.5828 13.5276 14.4879 15.552 16.5301 17.5955 
8.64849 9.61943 10.5972 11.5386 12.5668 13.5737 14.5765 15.5417 16.5645 17.6391 
8.56596 9.57428 10.5873 11.6155 12.5909 13.54 14.5835 15.6966 16.6728 17.6107 
8.63296 9.62996 10.5666 11.5667 12.5933 13.7081 14.6661 15.6032 16.6174 17.6248 
8.60795 9.60665 10.6693 11.6779 12.6489 13.5854 14.6773 15.656 16.6447 17.6066 
8.66844 9.65122 10.6553 11.6246 12.6958 13.6904 14.621 15.6433 16.6535 17.6489 
8.68841 9.65946 10.6668 11.6568 12.6225 13.689 14.6893 15.7113 16.659 17.6814 
8.68407 9.66889 10.6712 11.6784 12.7179 13.6481 14.679 15.7014 16.7324 17.7143 
8.73343 9.73365 10.7349 11.678 12.6833 13.7508 14.7305 15.6565 16.6553 17.711 
8.67726 9.72772 10.7318 11.8107 12.7451 13.6846 14.668 15.7612 16.7375 17.695 
8.73985 9.72764 10.7145 11.6872 12.7555 13.7947 14.787 15.7162 16.7309 17.7571 
8.73704 9.69105 10.7777 11.7519 12.7341 13.7292 14.7894 15.8075 16.8085 17.7559 
8.82315 9.81137 10.7666 11.7727 12.7813 13.7814 14.7444 15.7731 16.7613 17.7385 
8.82356 9.8312 10.8407 11.8379 12.7936 13.7753 14.7833 15.7403 16.7159 17.7837 
8.78669 9.79859 10.8391 11.8143 12.8342 13.8008 14.7702 15.7994 16.8616 17.7921 
8.85588 9.81051 10.7596 11.7485 12.7741 13.8676 14.9002 15.8696 16.8152 17.8675 
8.82255 9.80824 10.7975 11.8423 12.84 13.8208 14.828 15.8934 16.8924 17.8951 
8.85967 9.93212 10.9141 11.8656 12.8767 13.876 14.8441 15.7957 16.828 17.8199 
8.85502 9.91151 10.9411 11.9767 12.9187 13.8486 14.8633 15.8461 16.8047 17.8178 
8.84266 9.8507 10.8944 11.8883 12.9213 13.9362 14.9164 15.8904 16.8994 17.9154 
8.92912 9.87106 10.8678 11.8471 12.8691 13.9168 14.9784 15.9897 16.9505 17.9072 
8.99164 9.94341 10.9141 11.9236 12.9068 13.9116 14.9048 15.921 16.9629 17.9185 
8.95338 10.0247 11.031 11.9949 12.9347 13.9529 14.9072 15.8514 16.8512 17.9685 
8.97853 9.98854 10.9897 12.0219 12.9988 13.9567 14.9079 15.9663 16.9451 17.8881 
8.96191 9.93121 10.9359 11.9069 12.97 14.0101 15.0589 16.0112 17 18.0271 
8.98006 9.95982 10.9454 11.9386 12.9604 13.9979 15.0182 16.0838 17.0508 18.0498 
9.03113 10.0728 11.0464 12.0395 13.0073 13.9746 14.9845 15.9934 17.0058 18.0011 
9.06174 10.0791 11.114 12.1041 13.0463 14.004 15.0243 15.9353 16.9613 17.9979 
9.01498 10.0504 11.0379 12.0358 13.0919 14.0444 15.0388 16.0727 17.0717 18.0411 
9.07172 10.0063 10.9928 11.9857 12.975 14.1204 15.1512 16.1662 17.1024 18.0994 
9.0926 10.0441 11.0454 12.0322 13.0549 14.0913 15.1225 16.1142 17.126 18.1196 
9.10286 10.1484 11.1463 12.1718 13.136 14.1035 15.0365 16.0314 17.0648 18.073 
9.11924 10.199 11.1802 12.1997 13.1322 14.1082 15.0884 16.0948 17.0136 18.0509 
9.12873 10.0871 11.1212 12.1091 13.1532 14.1674 15.1206 16.106 17.185 18.1795 
9.16791 10.1337 11.0963 12.0824 13.0857 14.1049 15.2292 16.2643 17.2113 18.1536 
9.19205 10.1599 11.1306 12.1663 13.1293 14.1471 15.1857 16.1946 17.2019 18.1934 
9.17007 10.2237 11.2268 12.2049 13.2254 14.1892 15.1814 16.1215 17.1455 18.184 
9.19372 10.2256 11.2469 12.2095 13.2556 14.1972 15.1884 16.214 17.1883 18.125 
9.23718 10.1636 11.1633 12.222 13.198 14.2742 15.2433 16.2114 17.2109 18.2919 
9.21254 10.2752 11.2279 12.1904 13.2116 14.1972 15.2669 16.3119 17.2721 18.2217 
9.27407 10.2346 11.2719 12.2516 13.3 14.2622 15.2238 16.1941 17.2673 18.2795 
9.26958 10.2852 11.3276 12.3114 13.2595 14.2699 15.2956 16.2714 17.2147 18.2258 
9.23181 10.2791 11.2679 12.3058 13.3349 14.3059 15.2761 16.2924 17.3116 18.2967 
9.30789 10.2859 11.2778 12.2913 13.3074 14.3136 15.3645 16.3206 17.3 18.305 
9.29404 10.3696 11.354 12.3389 13.2944 14.3167 15.3162 16.3451 17.3356 18.281 
9.3706 10.3588 11.3364 12.3783 13.3664 14.3724 15.301 16.2473 17.2784 18.4075 
9.39147 10.3996 11.4098 12.3661 13.3231 14.2974 15.343 16.4014 17.3647 18.2922 
9.39243 10.342 11.3412 12.3245 13.396 14.3964 15.3768 16.3404 17.4017 18.4489 
9.3579 10.3927 11.3881 12.3782 13.3948 14.3892 15.4225 16.4463 17.3876 18.3747 
9.37009 10.3677 11.4585 12.4435 13.44 14.4074 15.4117 16.3985 17.4084 18.398 
9.47461 10.4323 11.4021 12.4367 13.4522 14.4295 15.4571 16.3838 17.3881 18.4188 
9.39213 10.4791 11.4551 12.4381 13.4058 14.4061 15.4228 16.4967 17.5031 18.448 
9.49305 10.4485 11.4314 12.4378 13.4347 14.5025 15.4697 16.4462 17.444 18.5107 
9.47276 10.4951 11.5162 12.4996 13.4895 14.4634 15.4966 16.5007 17.4633 18.393 
9.46951 10.4755 11.5105 12.5298 13.5446 14.5353 15.4672 16.4178 17.4815 18.5302 
9.56037 10.5481 11.4928 12.4838 13.477 14.4904 15.5082 16.5749 17.5049 18.493 
9.53304 10.5095 11.5099 12.4958 13.4995 14.4728 15.5472 16.5304 17.6175 18.5894 
9.54533 10.5422 11.5479 12.5316 13.5592 14.5565 15.5461 16.5591 17.5243 18.5643 
9.51018 10.5783 11.6076 12.6308 13.5934 14.5759 15.534 16.598 17.5304 18.4896 
9.60361 10.5635 11.5709 12.5854 13.5866 14.6235 15.5846 16.5196 17.5709 18.611 
9.61852 10.6276 11.5885 12.5302 13.5356 14.5003 15.6163 16.6698 17.6824 18.6222 
9.65983 10.6014 11.5731 12.5524 13.5658 14.5834 15.631 16.6559 17.649 18.691 
9.60873 10.6155 11.6436 12.6492 13.6897 14.6711 15.6632 16.6053 17.6002 18.588 
9.55918 10.5941 11.7194 12.7419 13.7478 14.6914 15.639 16.6128 17.634 18.5667 
9.68747 10.6835 11.6434 12.6783 13.6572 14.6916 15.6998 16.6639 17.6154 18.6574 
9.7029 10.6989 11.6763 12.6289 13.6213 14.6137 15.6345 16.7235 17.7714 18.7781 
9.74627 10.7353 11.7031 12.6553 13.6763 14.6479 15.6542 16.7396 17.7372 18.7259 
9.69996 10.708 11.7503 12.7704 13.745 14.7732 15.7343 16.6921 17.6594 18.66 
9.64066 10.7036 11.7488 12.812 13.7851 14.8035 15.7616 16.7043 17.7038 18.7011 
9.80433 10.76 11.7322 12.6888 13.7593 14.7371 15.7802 16.7958 17.7609 18.7173 
9.81716 10.7516 11.7859 12.7436 13.6868 14.7319 15.7311 16.7564 17.8342 18.8688 
9.80055 10.8338 11.8152 12.8018 13.7811 14.7686 15.7431 16.7809 17.7646 18.7896 
9.75476 10.7751 11.8399 12.8647 13.8826 14.8456 15.8026 16.7822 17.762 18.7414 
9.77236 10.7677 11.7872 12.8634 13.838 14.8622 15.8928 16.8297 17.8077 18.8015 
9.82277 10.8761 11.7874 12.7661 13.8015 14.8448 15.8394 16.893 17.9007 18.8624 
9.8679 10.8589 11.8875 12.8714 13.8147 14.7807 15.8347 16.8557 17.8733 18.9209 
9.91497 10.9241 11.9293 12.8949 13.9069 14.893 15.8632 16.8154 17.8085 18.7871 
9.82596 10.8935 11.9237 12.9652 13.9618 14.9209 15.8625 16.841 17.8638 18.8506 
9.9384 10.8826 11.8905 12.8881 13.8725 14.9122 15.9409 16.957 17.8946 18.9038 
9.93953 10.9211 11.9109 12.842 13.8617 14.8948 15.9309 16.9365 18.0237 18.991 
9.95604 10.9502 11.9194 12.9691 13.9549 14.8897 15.8738 16.9847 17.9544 18.9716 
9.94427 10.9977 11.9941 12.9897 13.951 15.0147 15.9735 16.933 17.8954 18.902 
9.94392 10.9196 11.9793 13.0129 14.0113 15.0059 15.9748 16.9391 18.0063 18.9739 
10.0184 11.0209 11.9528 12.9239 13.9635 14.9647 16.0505 17.0564 18.0062 18.9813 
10.006 10.9787 12.014 13.0128 13.9427 14.9865 16.0101 17.0307 18.0459 19.083 
10.0638 11.0634 12.0182 13.0156 14.0783 15.0389 16.0129 16.9902 18.0046 18.996 
10.0099 11.0487 12.1041 13.0677 14.0561 15.0653 16.048 17.0193 18.02 19.0142 
10.0731 11.0252 12.0112 13.0889 14.0464 15.0785 16.0511 17.0845 18.0603 19.1059 
10.0738 11.1171 12.054 12.9956 14.0408 15.0698 16.1112 17.1385 18.1206 19.0752 
10.0786 11.0321 12.1005 13.1274 14.1284 15.0617 16.071 17.0983 18.1334 19.1369 
10.1338 11.1798 12.1424 13.1148 14.1103 15.155 16.1201 17.0934 18.0345 19.0558 
10.1352 11.1447 12.1621 13.1803 14.1296 15.099 16.0779 17.1046 18.1494 19.1285 
10.2167 11.1539 12.1133 13.1017 14.1151 15.1067 16.1692 17.1539 18.1833 19.1693 
10.1341 11.1455 12.1611 13.1207 14.0925 15.1892 16.2129 17.2227 18.2024 19.1737 
10.1576 11.1204 12.0957 13.2225 14.2803 15.2282 16.1838 17.1798 18.163 19.195 
10.155 11.2124 12.2765 13.2186 14.2103 15.2288 16.2263 17.2101 18.1545 19.1056 
10.2256 11.2529 12.2254 13.2626 14.2283 15.1863 16.1585 17.1609 18.2236 19.2456 
10.2558 11.306 12.2216 13.1945 14.1916 15.2032 16.2232 17.2171 18.2347 19.2935 
10.2262 11.2069 12.2603 13.2621 14.2506 15.2163 16.273 17.3023 18.2818 19.2333 
10.2886 11.225 12.2148 13.2689 14.3356 15.3556 16.3031 17.2429 18.2364 19.2135 
10.2018 11.3281 12.3395 13.3191 14.2662 15.2815 16.2879 17.2783 18.2986 19.2552 
10.3982 11.3284 12.3012 13.3039 14.3163 15.2705 16.241 17.2707 18.2651 19.3324 
10.3286 11.3326 12.3731 13.3005 14.2827 15.3043 16.3127 17.2978 18.3076 19.3594 
10.2952 11.2959 12.2875 13.3728 14.3748 15.3498 16.3267 17.3886 18.3396 19.34 
10.3368 11.3482 12.3244 13.3022 14.3665 15.4243 16.3765 17.3939 18.3471 19.3226 
10.3704 11.3402 12.4128 13.3942 14.3267 15.297 16.3869 17.3625 18.4133 19.4102 
10.444 11.4595 12.3676 13.3641 14.3988 15.3705 16.3267 17.3641 18.3815 19.4089 
10.3533 11.4026 12.4546 13.4486 14.3947 15.4098 16.4185 17.4232 18.375 19.3772 
10.3913 11.38 12.3819 13.4227 14.5038 15.4954 16.4663 17.4112 18.3861 19.3903 
10.4035 11.4532 12.424 13.4276 14.4197 15.4487 16.4501 17.452 18.486 19.4359 
10.5353 11.4801 12.4575 13.4661 14.3925 15.3776 16.3964 17.481 18.4521 19.5336 
10.5166 11.5137 12.4868 13.4536 14.4681 15.4731 16.4302 17.3807 18.5046 19.5166 
10.4329 11.4509 12.5149 13.5314 14.5329 15.4835 16.5037 17.5436 18.4743 19.4473 
10.4831 11.4731 12.4565 13.4836 14.5158 15.6097 16.5607 17.5377 18.47 19.4969 
10.512 11.5211 12.5173 13.4939 14.4957 15.478 16.5193 17.5515 18.5963 19.5738 
10.6352 11.6078 12.5379 13.5105 14.525 15.4623 16.4844 17.5525 18.5543 19.5604 
10.5461 11.5583 12.6144 13.5866 14.5432 15.6035 16.5453 17.5097 18.5135 19.5813 
10.5194 11.5434 12.5414 13.628 14.6213 15.6412 16.6155 17.6046 18.5549 19.5038 
10.5883 11.5448 12.5616 13.5289 14.6127 15.6368 16.6298 17.6325 18.6195 19.5902 
10.6441 11.5905 12.6212 13.599 14.5253 15.5546 16.5851 17.6538 18.6657 19.6775 
10.6649 11.696 12.6186 13.6191 14.6409 15.6084 16.5808 17.5761 18.6383 19.6454 
10.5831 11.6291 12.7209 13.7224 14.6899 15.6476 16.678 17.6209 18.5763 19.5919 
10.5823 11.671 12.6667 13.6927 14.7254 15.7109 16.6949 17.665 18.6159 19.607 
10.6999 11.7033 12.6517 13.6526 14.641 15.6832 16.6447 17.701 18.7117 19.7141 
10.7672 11.7004 12.7006 13.6928 14.6179 15.5796 16.6679 17.7249 18.7638 19.7598 
10.7409 11.7221 12.7143 13.6625 14.7189 15.7624 16.7131 17.6847 18.7022 19.7254 
10.6331 11.6792 12.7122 13.8339 14.8147 15.7575 16.7579 17.767 18.696 19.6668 
10.7211 11.6827 12.7872 13.7599 14.7955 15.8087 16.7763 17.7369 18.6965 19.725 
10.8103 11.8074 12.7867 13.7514 14.7167 15.7189 16.7317 17.7498 18.8112 19.7772 
10.8334 11.8153 12.7491 13.7912 14.7665 15.7079 16.7043 17.7837 18.8239 19.8577 
10.7731 11.8208 12.8101 13.7834 14.7723 15.8498 16.859 17.8018 18.7615 19.7728 
10.7477 11.7339 12.8182 13.8627 14.9208 15.8577 16.8281 17.8267 18.8152 19.7653 
10.8248 11.8523 12.8292 13.8618 14.8338 15.8636 16.8588 17.8119 18.8054 19.8063 
10.9047 11.8885 12.8724 13.8675 14.7979 15.7844 16.8042 17.86 18.8585 19.8813 
10.9193 11.8862 12.8469 13.8138 14.8789 15.8767 16.818 17.8002 18.9272 19.924 
10.8577 11.8694 12.9098 13.9008 14.854 15.8589 16.9491 17.9412 18.8565 19.8654 
10.8816 11.863 12.8763 13.9196 14.9459 15.9524 16.8626 17.9138 18.9013 19.9178 
10.9393 11.9503 12.944 13.9048 14.8774 15.9075 16.9408 17.9235 18.9083 19.9101 
10.9383 11.9446 12.9125 13.9481 14.9537 15.8695 16.9044 17.9591 18.9816 19.9657 
10.9365 11.9714 12.9369 13.9034 14.9112 16.0358 16.9905 17.95 18.9419 19.9716 
10.9498 11.9341 12.9543 14.0071 14.9899 15.9469 17.0201 18.0095 18.9692 19.9401 
11.012 11.9881 12.9905 13.9913 15.0287 16.0003 16.9566 17.9305 19.01 19.9844 
11.0423 12.056 13.0573 14.0137 14.9318 15.9831 16.9978 18.0139 18.9675 20.0008 
11.021 11.9978 12.9647 14.0301 15.0637 16.0365 16.9686 17.9841 19.0875 20.0815 
11.0089 12.0453 13.0459 14.0027 15.0084 16.0287 17.1351 18.0987 19.0284 20.005 
11.0477 12.0387 13.0416 14.0802 15.0663 16.0742 17.027 18.0717 19.0568 20.0746 
11.063 12.1421 13.0962 14.0893 15.0586 16.0908 17.0505 18.0116 19.0614 20.087 
11.1145 12.1132 13.1006 14.1295 15.1003 16.033 17.1073 18.1071 19.0782 20.0384 
11.0995 12.0577 13.0698 14.07 15.1326 16.1703 17.1261 18.0944 19.1239 20.1493 
11.0999 12.1314 13.1093 14.1063 15.0758 16.1099 17.1848 18.1961 19.1429 20.1089 
11.1806 12.1396 13.1288 14.1354 15.178 16.1299 17.082 18.1028 19.1764 20.1835 
11.1801 12.1635 13.2523 14.1787 15.1231 16.1553 17.1716 18.1318 19.1027 20.1495 
11.1063 12.1811 13.1325 14.2357 15.2535 16.2095 17.1617 18.1896 19.176 20.1342 
11.1345 12.1337 13.1899 14.1912 15.2151 16.2533 17.2542 18.2212 19.182 20.1766 
11.2144 12.2401 13.2368 14.1993 15.1828 16.1768 17.2219 18.2242 19.2057 20.2214 
11.2775 12.3133 13.2421 14.2336 15.2303 16.1966 17.1252 18.1504 19.2193 20.3069 
11.2835 12.2706 13.2854 14.2841 15.2138 16.206 17.2441 18.2432 19.2245 20.2114 
11.2033 12.2053 13.2113 14.2217 15.3276 16.3589 17.3096 18.254 19.3006 20.2459 
11.2236 12.2388 13.1999 14.2913 15.2977 16.299 17.3553 18.3373 19.3104 20.2567 
11.3394 12.3139 13.3472 14.2952 15.2682 16.2755 17.2451 18.2875 19.2642 20.3453 
11.4017 12.373 13.3942 14.3271 15.3012 16.2818 17.2282 18.2034 19.3013 20.3413 
11.3014 12.3551 13.3288 14.3531 15.3525 16.2985 17.3446 18.3616 19.3173 20.3119 
11.2831 12.2572 13.2811 14.3007 15.3435 16.4762 17.4451 18.3924 19.356 20.361 
11.3499 12.3236 13.3169 14.3155 15.3939 16.3697 17.4134 18.4282 19.388 20.3689 
11.4472 12.4402 13.4307 14.4087 15.3566 16.3419 17.3106 18.3168 19.3997 20.3871 
11.4807 12.4659 13.4616 14.4387 15.3631 16.3878 17.357 18.3281 19.3023 20.426 
11.3793 12.4072 13.3922 14.4323 15.4552 16.4463 17.3967 18.4286 19.4533 20.3916 
11.4113 12.3508 13.3765 14.4034 15.4356 16.4538 17.5517 18.4834 19.4434 20.4446 
11.451 12.4621 13.4507 14.4118 15.4173 16.4617 17.4202 18.5006 19.4718 20.4789 
11.5078 12.5346 13.5016 14.4854 15.4507 16.4218 17.4074 18.3973 19.4787 20.5123 
11.5278 12.5068 13.5015 14.5214 15.4758 16.4244 17.5252 18.4819 19.446 20.4586 
11.4232 12.4571 13.4743 14.4568 15.5312 16.5852 17.5173 18.5432 19.5513 20.5015 
11.5158 12.4941 13.4383 14.4943 15.5372 16.5423 17.5952 18.5675 19.5044 20.5235 
11.5352 12.5375 13.6013 14.5578 15.5215 16.4946 17.4928 18.5195 19.5672 20.5568 
11.6405 12.6104 13.5842 14.5422 15.5419 16.5766 17.518 18.4827 19.4836 20.5757 
11.536 12.5713 13.5568 14.6328 15.5841 16.5437 17.5527 18.6134 19.5868 20.5496 
11.5495 12.5006 13.5823 14.5591 15.6093 16.6461 17.6463 18.6106 19.6047 20.5905 
11.6132 12.5849 13.6137 14.5821 15.6107 16.6436 17.627 18.63 19.5998 20.5656 
11.6193 12.6406 13.658 14.6842 15.6332 16.5848 17.5574 18.5932 19.6337 20.6378 
11.7262 12.6968 13.6534 14.6155 15.617 16.6387 17.6742 18.6077 19.5694 20.6149 
11.604 12.628 13.6723 14.656 15.6936 16.6412 17.6198 18.6701 19.734 20.6665 
11.6936 12.6712 13.614 14.674 15.6502 16.7109 17.7306 18.6816 19.6288 20.7021 
11.6778 12.7023 13.6872 14.7098 15.6997 16.6872 17.6565 18.7213 19.7186 20.6682 
11.7272 12.6745 13.7188 14.7128 15.726 16.7335 17.7019 18.6717 19.712 20.722 
11.7072 12.7393 13.7228 14.7218 15.7173 16.7352 17.773 18.7677 19.7016 20.6861 
11.6941 12.681 13.7714 14.7745 15.7677 16.7492 17.7139 18.7515 19.7755 20.7647 
11.8251 12.8056 13.7791 14.7415 15.7605 16.758 17.8023 18.7373 19.6862 20.7196 
11.7476 12.8095 13.7997 14.8099 15.8069 16.7332 17.7111 18.7418 19.8263 20.8007 
11.8354 12.7925 13.7758 14.7589 15.7363 16.8238 17.8298 18.8042 19.7727 20.8292 
11.7981 12.773 13.789 14.7873 15.8005 16.8117 17.8353 18.8594 19.8779 20.7978 
11.8392 12.8157 13.8045 14.8742 15.8691 16.8265 17.8126 18.8111 19.8358 20.8129 
11.8581 12.9212 13.9062 14.8699 15.833 16.8601 17.8334 18.8252 19.7555 20.8108 
11.8665 12.8374 13.886 14.8847 15.8723 16.8702 17.7883 18.8305 19.9102 20.8988 
11.9183 12.8884 13.8245 14.8108 15.8183 16.8286 17.9844 18.9578 19.9041 20.8814 
11.8694 12.8616 13.8568 14.8621 15.8433 16.9018 17.9229 18.9563 19.9707 20.9431 
11.9192 12.941 13.9142 14.9229 15.9687 16.9265 17.91 18.8696 19.865 20.9226 
11.9197 12.9757 14.0227 14.9852 15.9712 16.9141 17.9085 18.9019 19.8885 20.8439 
11.953 12.9266 13.9351 14.9548 15.9471 16.9898 17.9679 18.9204 19.915 20.9932 
11.9521 12.9721 13.9003 14.901 15.9394 16.9558 17.9753 19.0642 20.0458 20.9686 
11.9875 12.961 13.99 14.9745 15.9593 16.9451 18.0051 18.9821 20.0267 21.0148 
12.0339 13.0288 14.0739 15.0333 16.0259 17.0126 17.9638 18.9615 19.9181 20.9659 
11.9675 13.0505 14.066 15.0618 16.06 17.0351 17.9611 19.0088 20.0011 20.9776 
12.0572 12.9839 13.9917 15.002 15.9974 17.0354 18.1252 19.0769 20.0415 21.0497 
12.0427 13.0389 14.0177 14.9545 15.9978 17.0702 18.064 19.1171 20.1522 21.0775 
12.0926 13.0881 14.051 15.1202 16.0766 17.037 18.0603 19.0347 20.0354 21.1085 
12.0767 13.1501 14.1699 15.1646 16.1283 17.0734 18.0669 19.0328 20.0139 20.9995 
12.0676 13.0865 14.135 15.0967 16.1613 17.1612 18.0998 19.0655 20.0979 21.0758 
12.1132 13.0774 14.0031 15.1056 16.0921 17.1161 18.1787 19.2154 20.1704 21.1471 
12.1255 13.1245 14.1275 15.0822 16.0811 17.1226 18.1852 19.1841 20.181 21.177 
12.1928 13.1683 14.2022 15.1853 16.2174 17.154 18.1028 19.0951 20.1062 21.1381 
12.1114 13.2529 14.2581 15.2446 16.211 17.167 18.1531 19.1421 20.1014 21.0924 
12.1928 13.162 14.1756 15.2015 16.1873 17.2429 18.2231 19.1681 20.153 21.1991 
12.2215 13.2026 14.1495 15.1298 16.1993 17.1797 18.2018 19.2774 20.2977 21.2178 
12.2638 13.2274 14.2188 15.2163 16.1587 17.1798 18.2308 19.227 20.2439 21.2822 
12.26 13.2796 14.2611 15.2547 16.2754 17.2579 18.1845 19.2042 20.2086 21.2344 
12.2099 13.2293 14.3193 15.2795 16.2813 17.2623 18.2807 19.273 20.2543 21.2026 
12.2841 13.2279 14.1851 15.2632 16.3041 17.2881 18.3499 19.285 20.2785 21.298 
12.2479 13.3206 14.3127 15.2494 16.2317 17.2929 18.2676 19.3645 20.357 21.2911 
12.3892 13.3268 14.3141 15.3298 16.3114 17.2607 18.2967 19.2545 20.2666 21.3571 
12.3395 13.3821 14.375 15.3385 16.3358 17.2872 18.3284 19.286 20.2867 21.3194 
12.307 13.3141 14.3478 15.3254 16.3572 17.3699 18.3401 19.3841 20.3545 21.3501 
12.3814 13.3295 14.2649 15.3089 16.395 17.411 18.3898 19.3974 20.3805 21.3634 
12.3351 13.357 14.4371 15.408 16.3413 17.339 18.4098 19.3798 20.4245 21.3618 
12.4683 13.4505 14.3895 15.4043 16.4261 17.4135 18.3392 19.3322 20.3256 21.4157 
12.4076 13.4544 14.4648 15.44 16.376 17.3652 18.3443 19.4482 20.4202 21.4162 
12.4471 13.3908 14.392 15.3975 16.3967 17.4267 18.4381 19.4698 20.4744 21.475 
12.4443 13.4411 14.4221 15.3677 16.4213 17.5124 18.4781 19.501 20.4546 21.4372 
12.4206 13.4294 14.46 15.553 16.492 17.4367 18.4798 19.4541 20.4449 21.481 
12.5092 13.5441 14.5045 15.456 16.5307 17.4902 18.4934 19.4361 20.4306 21.4283 
12.4888 13.4704 14.5502 15.5017 16.4741 17.477 18.4795 19.5012 20.5406 21.5112 
12.5449 13.5002 14.4194 15.5166 16.5151 17.5424 18.5143 19.5252 20.5447 21.5435 
12.4638 13.5411 14.5666 15.5344 16.5196 17.5487 18.5856 19.5555 20.5362 21.4865 
12.5591 13.512 14.5613 15.6077 16.6232 17.5661 18.5182 19.5107 20.509 21.5423 
12.5509 13.6538 14.5932 15.5549 16.5389 17.5555 18.5493 19.586 20.5431 21.5557 
12.6089 13.5474 14.5882 15.592 16.543 17.532 18.577 19.6016 20.6092 21.6536 
12.6468 13.6101 14.5741 15.5297 16.6342 17.6409 18.6164 19.5851 20.6126 21.5745 
12.53 13.6019 14.6451 15.7026 16.6378 17.6287 18.6449 19.6088 20.6154 21.5807 
12.6493 13.6192 14.6417 15.651 16.6827 17.6667 18.6456 19.6105 20.5691 21.6318 
12.6789 13.6604 14.6872 15.6018 16.609 17.6245 18.6194 19.688 20.7068 21.6633 
12.7195 13.6431 14.6123 15.6727 16.6466 17.613 18.6273 19.7137 20.7297 21.733 
12.6539 13.7318 14.6865 15.6728 16.6656 17.7477 18.7324 19.684 20.6525 21.6552 
12.643 13.6238 14.7453 15.7828 16.8026 17.7302 18.7031 19.6777 20.6824 21.6634 
12.7311 13.7372 14.7323 15.7284 16.7375 17.7194 18.7646 19.7324 20.6892 21.6535 
12.784 13.7468 14.7472 15.7132 16.6621 17.7185 18.7076 19.7215 20.7793 21.8171 
12.8175 13.7945 14.7373 15.7266 16.7482 17.7132 18.6921 19.7295 20.826 21.7841 
12.7545 13.7865 14.8071 15.7904 16.7694 17.7651 18.8326 19.757 20.7242 21.7537 
12.7436 13.7348 14.7535 15.8311 16.8547 17.8257 18.7908 19.8134 20.7798 21.7848 
12.8037 13.8124 14.7956 15.7576 16.7565 17.8175 18.8232 19.89 20.8379 21.7895 
12.8854 13.8027 14.8084 15.8153 16.7839 17.7482 18.8116 19.8012 20.8852 21.9136 
12.8679 13.9153 14.8933 15.8279 16.8317 17.838 18.772 19.8227 20.8341 21.8242 
12.8524 13.8575 14.8854 15.9212 16.8922 17.8758 18.8836 19.8375 20.7984 21.7947 
12.84 13.8225 14.8414 15.8666 16.9224 17.884 18.9351 19.8893 20.9061 21.8629 
12.891 13.8864 14.8638 15.7984 16.815 17.9194 18.9339 19.9362 20.9658 21.932 
12.957 13.8977 14.8594 15.9357 16.9078 17.8588 18.8703 19.9231 20.9312 21.9724 
12.8958 13.9845 15.0224 15.9684 16.937 17.9394 18.9256 19.8632 20.8938 21.8551 
12.9187 13.9465 14.9767 16.004 17.0244 17.9801 18.9301 19.8922 20.9006 21.8835 
12.9474 13.9299 14.9433 15.9567 16.9407 17.9431 18.9607 20.0201 20.9908 21.9957 
13.0204 13.9793 14.9623 15.8987 16.8809 17.9273 19.0241 20.0233 21.0302 22.0536 
13.0394 14.0098 14.9827 15.9643 17.0323 17.9925 18.9462 19.9907 21.0209 21.9927 
12.9452 14.027 15.0807 16.0993 17.0225 18.0513 19.0515 19.9763 20.9318 21.9576 
12.9952 14.0036 15.0228 16.0693 17.1032 18.0695 19.0309 20.0164 21.0075 21.9964 
13.0756 14.0253 15.0069 15.9795 17.0243 18.0484 19.0656 20.0952 21.087 22.0786 
13.0878 14.0354 15.0398 16.0722 16.9999 18.0147 19.0601 20.1218 21.1095 22.1168 
13.0507 14.151 15.0956 16.0783 17.1195 18.1275 19.0602 20.0334 21.0616 22.052 
13.0842 14.0685 15.1898 16.1867 17.1433 18.0917 19.1167 20.0775 21.0329 22.01 
13.0931 14.1154 15.1025 16.132 17.1512 18.112 19.1208 20.0934 21.1296 22.1227 
13.1547 14.1605 15.1261 16.0525 17.0421 18.1369 19.1643 20.1826 21.1632 22.1618 
13.1856 14.1063 15.1211 16.1474 17.1738 18.1161 19.1315 20.1664 21.1907 22.1774 
13.1485 14.202 15.2204 16.1922 17.1694 18.2072 19.1999 20.1086 21.1281 22.1114 
13.1728 14.2047 15.2063 16.2573 17.2236 18.1644 19.1406 20.1621 21.1713 22.1563 
13.2598 14.198 15.187 16.1445 17.1891 18.1955 19.1707 20.1835 21.2438 22.2591 
13.2225 14.197 15.2398 16.1918 17.1294 18.1412 19.256 20.2939 21.2923 22.2388 
13.2541 14.2205 15.165 16.2242 17.2739 18.2891 19.2338 20.2497 21.2292 22.2348 
13.1873 14.2472 15.3089 16.2885 17.2931 18.2751 19.2801 20.2608 21.2063 22.1985 
13.2547 14.2838 15.312 16.2927 17.3146 18.2468 19.2481 20.2401 21.2609 22.2637 
13.3565 14.3263 15.278 16.2337 17.2357 18.295 19.2911 20.2674 21.2488 22.3567 
13.2933 14.2893 15.2912 16.3341 17.2784 18.234 19.2759 20.3666 21.3799 22.318 
13.3379 14.3254 15.2839 16.2709 17.345 18.3731 19.3708 20.2803 21.3267 22.3182 
13.3046 14.3065 15.3809 16.3809 17.3441 18.3123 19.325 20.3747 21.3564 22.3185 
13.3941 14.3706 15.3655 16.3474 17.3571 18.3767 19.3126 20.3223 21.3493 22.3801 
13.4112 14.3888 15.4072 16.3675 17.3424 18.3407 19.4026 20.3613 21.3554 22.3701 
13.3563 14.374 15.3917 16.3861 17.4468 18.3843 19.3475 20.4354 21.4197 22.377 
13.4056 14.4148 15.3732 16.3872 17.3743 18.4773 19.4509 20.4144 21.3723 22.4205 
13.4132 14.4069 15.4098 16.4571 17.4174 18.3499 19.4252 20.4589 21.4726 22.4509 
13.4912 14.4788 15.4366 16.3595 17.4513 18.4843 19.4318 20.4034 21.4315 22.4652 
13.424 14.4074 15.482 16.5435 17.4714 18.4435 19.4646 20.4979 21.4434 22.4278 
13.4241 14.4219 15.501 16.4914 17.5329 18.5524 19.5003 20.4532 21.4597 22.44 
13.5235 14.4849 15.4934 16.4933 17.5047 18.4965 19.5034 20.4852 21.4992 22.4644 
13.5522 14.5427 15.5153 16.5329 17.4818 18.4333 19.4419 20.5154 21.5576 22.547 
13.5709 14.5854 15.544 16.4941 17.4727 18.5531 19.5424 20.498 21.4843 22.5469 
13.4998 14.4751 15.5524 16.5823 17.6346 18.5546 19.5378 20.5768 21.5632 22.4867 
13.5326 14.5281 15.5268 16.5782 17.5708 18.6369 19.6379 20.5582 21.537 22.5285 
13.6004 14.6045 15.5637 16.5405 17.5722 18.5416 19.5589 20.5928 21.6133 22.6186 
13.6587 14.6407 15.6148 16.5517 17.5879 18.5418 19.5274 20.5541 21.6521 22.6488 
13.6206 14.589 15.6742 16.6548 17.5979 18.5989 19.6437 20.6082 21.5648 22.5978 
13.5251 14.5978 15.6091 16.6792 17.7147 18.7123 19.6331 20.6555 21.626 22.5684 
13.652 14.601 15.6129 16.6512 17.6531 18.6893 19.6797 20.6807 21.6369 22.6362 
13.7111 14.7074 15.6675 16.6416 17.6024 18.5708 19.6463 20.6704 21.732 22.7151 
13.7204 14.7586 15.7017 16.6384 17.642 18.6643 19.6274 20.6629 21.666 22.7546 
13.6818 14.6621 15.7138 16.7733 17.7567 18.7037 19.7084 20.7001 21.6665 22.6414 
13.6358 14.677 15.7277 16.7403 17.7775 18.7858 19.765 20.6898 21.7218 22.6588 
13.7749 14.7563 15.6981 16.7165 17.7095 18.709 19.7367 20.7072 21.7779 22.765 
13.8298 14.7897 15.7567 16.7349 17.6859 18.6525 19.6395 20.7501 21.832 22.8515 
13.794 14.7979 15.8063 16.7469 17.7174 18.7464 19.7486 20.7771 21.7739 22.786 
13.7202 14.7304 15.7559 16.8089 17.8771 18.8581 19.8065 20.8336 21.7547 22.7204 
13.7434 14.7247 15.7614 16.8459 17.8442 18.8825 19.8411 20.8183 21.7847 22.7914 
13.8539 14.8772 15.8449 16.7668 17.7849 18.7568 19.8352 20.8208 21.8357 22.8331 
13.9245 14.8651 15.846 16.8067 17.8304 18.7772 19.7355 20.7996 21.8591 22.9369 
13.8504 14.8584 15.8941 16.8744 17.8139 18.8575 19.8721 20.8378 21.8581 22.8357 
13.7979 14.8211 15.8252 16.8996 17.9535 18.9386 19.906 20.8546 21.8992 22.8284 
13.8866 14.8449 15.8408 16.9155 17.9195 18.8941 19.9435 20.9076 21.8659 22.8774 
13.8986 14.9748 15.9354 16.9004 17.8422 18.8793 19.8621 20.9308 21.9178 22.9259 
13.9597 14.9637 15.9269 16.9223 17.9089 18.9278 19.8821 20.8526 21.9229 22.972 
13.9356 14.9406 15.9673 16.9654 17.9491 18.9075 19.9708 20.9901 21.9171 22.8671 
13.9183 14.9153 15.919 16.9559 17.9923 19.0346 19.9593 20.9236 21.9696 22.9944 
13.9884 15.0115 15.9548 16.937 17.9508 18.9531 20.0103 21.0291 21.9672 22.9516 
14.0033 14.9707 15.9956 16.9753 18.0045 18.9719 19.9636 20.975 22.0371 23.0283 
14.0033 14.9803 16.0053 17.0408 18.0134 19.0344 20.0394 20.9924 21.9754 23.0124 
13.9417 15.0279 16.0369 17.0822 18.0541 19.0436 20.0315 21.0652 22.0225 22.963 
14.0815 15.0074 16.0261 17.059 18.0858 19.0866 20.0322 20.9837 22.0129 23.0649 
14.0505 15.1322 16.1054 17.0633 17.9956 18.9877 20.0689 21.0988 22.087 23.0224 
14.1022 15.0578 16.0359 17.0609 18.0818 19.1022 20.0543 21.0537 22.0774 23.1573 
14.0839 15.079 16.1088 17.0738 18.1118 19.0878 20.1199 21.1419 22.0936 23.0545 
14.0759 15.1133 16.1336 17.1229 18.1371 19.1136 20.1121 21.0711 22.1392 23.1079 
14.1846 15.1752 16.113 17.1305 18.131 19.1188 20.1298 21.0918 22.0565 23.167 
14.1267 15.16 16.1794 17.1658 18.1364 19.0985 20.093 21.1788 22.1991 23.1323 
14.184 15.1145 16.1088 17.1478 18.1707 19.1984 20.209 21.1449 22.1717 23.1916 
14.1339 15.192 16.1791 17.1638 18.1601 19.1956 20.1924 21.2598 22.2021 23.1343 
14.2267 15.1819 16.2041 17.2146 18.199 19.1918 20.1635 21.1567 22.1867 23.2597 
14.2721 15.2707 16.2554 17.2149 18.181 19.1442 20.2395 21.2007 22.1969 23.1811 
14.1862 15.2219 16.2188 17.2054 18.2728 19.2571 20.206 21.2389 22.2686 23.2524 
14.2329 15.2055 16.1774 17.246 18.2703 19.2936 20.3026 21.2963 22.2194 23.2557 
14.2388 15.2685 16.3136 17.2704 18.252 19.2574 20.265 21.2574 22.2783 23.2699 
14.3798 15.3434 16.2976 17.3034 18.2902 19.263 20.2175 21.1827 22.2356 23.3297 
14.3017 15.3587 16.3338 17.342 18.2803 19.2327 20.2444 21.3127 22.3099 23.2983 
14.2839 15.2468 16.2742 17.2793 18.302 19.3855 20.3748 21.3409 22.3629 23.3358 
14.3213 15.2804 16.2678 17.2583 18.3471 19.4 20.4013 21.4167 22.3609 23.3041 
14.3731 15.3491 16.3617 17.4056 18.3335 19.3286 20.3204 21.3462 22.3533 23.3578 
14.4338 15.4879 16.4294 17.3824 18.3601 19.3485 20.3273 21.2755 22.3025 23.3536 
14.3835 15.3683 16.4188 17.4085 18.4382 19.3656 20.3502 21.3813 22.3696 23.3886 
14.3677 15.3253 16.314 17.3762 18.4007 19.4689 20.4963 21.4666 22.4179 23.4107 
14.3786 15.408 16.3555 17.3343 18.4344 19.4729 20.4631 21.4674 22.4705 23.4312 
14.4529 15.4636 16.4759 17.4919 18.4411 19.3755 20.4081 21.4001 22.4287 23.4496 
14.4668 15.5621 16.5249 17.5032 18.4543 19.4407 20.4238 21.3917 22.3865 23.4052 
14.4473 15.4411 16.4821 17.5015 18.4955 19.5284 20.4626 21.4579 22.4676 23.4466 
14.5047 15.4344 16.43 17.4352 18.4955 19.495 20.5601 21.5794 22.5008 23.4672 
14.5106 15.5152 16.5101 17.4624 18.4354 19.5203 20.4998 21.4905 22.5789 23.5505 
14.567 15.5927 16.5426 17.5658 18.5126 19.4716 20.4566 21.5038 22.4767 23.556 
14.5408 15.5604 16.5553 17.5901 18.5795 19.5504 20.5243 21.5084 22.5117 23.4963 
14.4899 15.4598 16.5165 17.588 18.5936 19.6124 20.6144 21.5661 22.592 23.556 
14.5643 15.5852 16.5134 17.5066 18.5671 19.619 20.6249 21.6438 22.588 23.5482 
14.6149 15.5784 16.638 17.6163 18.5588 19.5325 20.5364 21.5783 22.6103 23.668 
14.6803 15.6954 16.6622 17.6152 18.5847 19.5689 20.5651 21.5616 22.5934 23.5768 
14.6103 15.6343 16.6145 17.64 18.6644 19.6514 20.6156 21.6222 22.5948 23.6278 
14.6136 15.5541 16.6012 17.6533 18.6618 19.6848 20.6825 21.6721 22.6556 23.6678 
14.6662 15.7036 16.6693 17.5991 18.6287 19.669 20.6938 21.6672 22.6902 23.6315 
14.7345 15.6798 16.6821 17.7346 18.6909 19.6161 20.5996 21.6285 22.6714 23.7526 
14.7095 15.7699 16.7323 17.6855 18.6661 19.6913 20.676 21.6624 22.6909 23.6778 
14.6833 15.651 16.7036 17.7237 18.7324 19.7178 20.7397 21.699 22.7694 23.7134 
14.7628 15.7192 16.6729 17.688 18.7441 19.7353 20.7893 21.7755 22.7085 23.7094 
14.7211 15.7711 16.7909 17.7526 18.6841 19.7289 20.7158 21.7636 22.7772 23.7712 
14.8309 15.7846 16.7384 17.7802 18.7553 19.75 20.73 21.7279 22.769 23.7818 
14.7612 15.79 16.7847 17.7605 18.7683 19.8072 20.8073 21.8124 22.7639 23.7644 
14.76 15.7082 16.7406 17.8574 18.8445 19.8376 20.8053 21.8117 22.7874 23.8387 
14.7998 15.8797 16.8382 17.7791 18.8381 19.8406 20.8406 21.8312 22.7758 23.7398 
14.8474 15.8201 16.8922 17.8745 18.8498 19.7872 20.7786 21.7629 22.8551 23.8668 
14.8864 15.8966 16.8231 17.8369 18.8156 19.8166 20.855 21.832 22.8646 23.8794 
14.8292 15.8581 16.8322 17.8595 18.8216 19.8494 20.925 21.9194 22.9202 23.8634 
14.8863 15.8345 16.844 17.859 18.9645 19.9359 20.8909 21.8857 22.8703 23.8785 
14.8486 15.9428 16.9849 17.9484 18.8814 19.9255 20.9007 21.9058 22.8671 23.8159 
14.9408 15.9203 16.9202 17.9789 18.9381 19.9298 20.8717 21.8516 22.8837 23.9577 
14.9627 15.9487 16.928 17.8535 18.9228 19.9073 20.9494 21.9776 22.9546 23.9597 
14.9342 15.8872 16.9225 17.9199 18.928 19.9318 20.9878 22.0217 23.0084 23.9943 
14.9619 15.9863 16.9331 17.9452 19.0131 20.0494 20.9781 21.9534 22.942 23.9451 
14.9231 15.9583 17.0902 18.0755 19.0154 19.9572 20.9815 21.9826 22.9646 23.9307 
15.0258 16.0335 16.9837 18.0164 19.0316 20.0081 21.0249 21.9632 22.9742 23.9895 
15.0098 16.0533 17.022 17.9702 18.9569 20.0184 21.0106 22.0472 23.0779 24.0561 
15.0904 16.0124 17.0226 18.0391 19.0317 19.9854 21.0207 22.0595 23.0392 24.093 
15.0643 16.0999 17.1129 18.0539 19.0596 20.0874 21.0565 21.9899 23.0327 24.0085 
15.0342 16.0571 17.0888 18.1524 19.1104 20.0753 21.0464 22.0572 23.0577 24.0577 
15.1158 16.0788 17.0368 18.0245 19.0973 20.1154 21.1023 22.1354 23.1003 24.1021 
15.09 16.069 17.1158 18.0752 19.0255 20.0471 21.1541 22.132 23.2109 24.1609 
15.1938 16.1674 17.1017 18.1101 19.1395 20.1158 21.0606 22.137 23.0971 24.1291 
15.0996 16.1744 17.2231 18.2167 19.1539 20.1421 21.0953 22.1046 23.0951 24.1189 
15.135 16.1593 17.1653 18.1809 19.1564 20.1926 21.1936 22.1428 23.149 24.1204 
15.1925 16.1611 17.0999 18.0829 19.1607 20.2043 21.2037 22.2147 23.2259 24.2213 
15.2073 16.1637 17.1837 18.196 19.1262 20.1388 21.1883 22.2546 23.2218 24.2583 
15.2459 16.2903 17.2401 18.2028 19.2442 20.2253 21.1782 22.1315 23.1813 24.1706 
15.2002 16.1987 17.3045 18.3173 19.2845 20.215 21.2119 22.1837 23.1535 24.2127 
15.2042 16.2445 17.2117 18.2315 19.2505 20.2661 21.2886 22.2778 23.2349 24.2437 
15.2574 16.2576 17.2202 18.1886 19.2024 20.2557 21.2854 22.2993 23.352 24.3065 
15.3504 16.2915 17.2864 18.2802 19.259 20.1979 21.2373 22.3147 23.285 24.2943 
15.2894 16.3539 17.3708 18.3096 19.2955 20.3385 21.2576 22.2159 23.2483 24.2889 
15.2904 16.2807 17.295 18.3892 19.3328 20.3418 21.3332 22.3264 23.2983 24.252 
15.3272 16.2753 17.2624 18.2293 19.3762 20.3868 21.3995 22.3815 23.3536 24.3199 
15.3174 16.2895 17.3426 18.3321 19.2975 20.3546 21.3793 22.3782 23.4017 24.3903 
15.387 16.4419 17.3827 18.3943 19.3993 20.3325 21.3071 22.3425 23.3175 24.3499 
15.4171 16.3961 17.4763 18.429 19.4012 20.3758 21.3494 22.3178 23.3061 24.3576 
15.3463 16.3941 17.3797 18.4123 19.4047 20.4021 21.4008 22.4199 23.4467 24.3915 
15.4049 16.4109 17.3234 18.3435 19.3738 20.4746 21.491 22.4769 23.4351 24.4355 
15.4009 16.3673 17.4599 18.4511 19.4355 20.4142 21.4424 22.4636 23.4418 24.4645 
15.4816 16.5245 17.4937 18.4833 19.4929 20.482 21.4102 22.3737 23.3916 24.3794 
15.4933 16.507 17.4939 18.5421 19.4675 20.4487 21.4364 22.4275 23.4175 24.4507 
15.4899 16.4451 17.4495 18.4339 19.4701 20.4919 21.4767 22.4931 23.5647 24.5412 
15.4985 16.4823 17.4843 18.4144 19.4256 20.49 21.607 22.5741 23.5454 24.5062 
15.5224 16.4782 17.4713 18.5668 19.5612 20.5252 21.477 22.5456 23.5247 24.5269 
15.5063 16.5908 17.6066 18.5671 19.5422 20.5689 21.5295 22.4817 23.4725 24.5054 
15.5564 16.5957 17.5764 18.5929 19.5656 20.5028 21.5448 22.5292 23.5605 24.5181 
15.6028 16.5716 17.5242 18.516 19.5587 20.5833 21.5857 22.5615 23.5699 24.6406 
15.567 16.5695 17.609 18.5908 19.5318 20.5614 21.6123 22.6637 23.5963 24.5841 
15.6363 16.599 17.582 18.6047 19.6806 20.6397 21.5705 22.5377 23.6154 24.5914 
15.6254 16.6445 17.6839 18.6432 19.5857 20.6028 21.6462 22.6003 23.57 24.627 
15.6462 16.6504 17.6067 18.648 19.6535 20.6085 21.5619 22.6648 23.6652 24.6954 
15.6564 16.6968 17.6526 18.6004 19.6023 20.6574 21.7101 22.6488 23.6776 24.6698 
15.6482 16.633 17.6795 18.7106 19.7017 20.6561 21.6625 22.7024 23.6872 24.6627 
15.6852 16.6988 17.6756 18.7133 19.7153 20.7391 21.6771 22.6556 23.6708 24.6848 
15.73 16.7403 17.7313 18.7147 19.6405 20.6691 21.7449 22.7214 23.7188 24.6761 
15.7786 16.7068 17.6715 18.6692 19.7695 20.7154 21.675 22.715 23.7709 24.7868 
15.7021 16.7283 17.7941 18.7396 19.6795 20.7612 21.7926 22.7839 23.7204 24.7286 
15.7233 16.7338 17.7052 18.8141 19.8495 20.801 21.7486 22.7387 23.7424 24.7454 
15.7634 16.7661 17.7826 18.798 19.791 20.7836 21.802 22.776 23.7473 24.7635 
15.783 16.8455 17.8016 18.8015 19.7508 20.7441 21.7718 22.8219 23.8051 24.82 
15.8193 16.8669 17.7958 18.7961 19.8011 20.8339 21.7675 22.7551 23.819 24.8621 
15.8219 16.8051 17.8845 18.8865 19.8257 20.784 21.865 22.8644 23.7911 24.7602 
15.8124 16.8251 17.8051 18.8229 19.9229 20.9168 21.8455 22.812 23.854 24.8435 
15.845 16.8681 17.8355 18.8323 19.795 20.8735 21.9125 22.9173 23.887 24.8652 
15.9311 16.8702 17.8351 18.8494 19.8782 20.8449 21.8596 22.9012 23.9069 24.9266 
15.8824 16.8949 17.965 18.9211 19.8895 20.9162 21.8904 22.8342 23.8821 24.899 
15.8591 16.9464 17.9256 19.0019 19.9732 20.921 21.8945 22.9234 23.8647 24.8365 
15.9341 16.8742 17.9331 18.9064 19.9628 20.9671 21.9283 22.9348 23.9158 24.9614 
15.9627 16.9465 17.9417 18.9042 19.8596 20.8802 21.9863 23.0063 24.0264 24.976 
16.0184 16.9892 17.9056 18.9484 19.9541 20.9483 21.9444 22.9639 23.9857 25.0034 
15.9119 16.9867 18.0557 19.06 20.0188 20.9955 21.9898 22.9464 23.9187 24.9496 
15.9574 17.0168 18.0405 19.0319 20.0908 21.0586 21.9975 22.9602 23.9466 24.9043 
16.0566 17.0016 17.9784 19.0104 19.9841 21.0052 22.0207 23.015 24.0244 25.0798 
16.0734 17.0567 18.0174 18.9785 19.9419 20.9371 21.9711 23.1156 24.1312 25.1251 
16.0759 17.0928 18.0511 19.0037 20.0357 21.0226 22.0352 23.0314 24.0895 25.0815 
16.0303 17.0325 18.1015 19.1512 20.1374 21.0952 22.0776 23.0697 23.9863 25.0093 
16.0001 17.0551 18.1137 19.1267 20.1204 21.1594 22.0932 23.0799 24.0577 25.0566 
16.1696 17.1204 18.0561 19.0545 20.0488 21.0688 22.1314 23.1393 24.1385 25.1068 
16.178 17.129 18.0975 19.082 20.0619 21.0537 22.0694 23.141 24.2055 25.188 
16.1243 17.1502 18.1884 19.1434 20.1156 21.1683 22.128 23.114 24.0865 25.159 
16.1238 17.1555 18.1498 19.2349 20.25 21.1839 22.1487 23.1539 24.1095 25.0391 
16.1505 17.1122 18.1864 19.183 20.1884 21.2002 22.1988 23.1443 24.1648 25.1921 
16.2097 17.2231 18.1658 19.1473 20.1257 21.1293 22.1698 23.2623 24.2379 25.2215 
16.2242 17.2301 18.181 19.1989 20.1843 21.159 22.1913 23.1821 24.2631 25.2501 
16.2195 17.2033 18.2708 19.2502 20.2607 21.2381 22.2608 23.2002 24.1484 25.1835 
16.1503 17.2399 18.2597 19.2808 20.3218 21.2665 22.207 23.2574 24.2422 25.1817 
16.3049 17.2555 18.2192 19.2328 20.1921 21.2975 22.2941 23.2623 24.2357 25.2848 
16.2889 17.2585 18.2497 19.2436 20.2383 21.1957 22.2614 23.3209 24.3707 25.3229 
16.3036 17.2915 18.2796 19.2514 20.3061 21.3185 22.2813 23.2992 24.2921 25.2989 
16.2747 17.3012 18.3001 19.3751 20.3568 21.354 22.3294 23.3191 24.2443 25.2389 
16.2679 17.247 18.3874 19.3705 20.3745 21.3567 22.3033 23.2963 24.3358 25.3258 
16.3887 17.4018 18.3233 19.3158 20.3099 21.3245 22.3884 23.3579 24.3173 25.3094 
16.3417 17.352 18.342 19.3962 20.3536 21.3251 22.2958 23.363 24.4169 25.4222 
16.3973 17.3988 18.3895 19.3473 20.3581 21.4152 22.4102 23.365 24.3246 25.374 
16.3699 17.3913 18.4017 19.412 20.4163 21.4023 22.3806 23.4053 24.4257 25.3466 
16.426 17.393 18.3908 19.4262 20.3805 21.4405 22.4193 23.3922 24.4038 25.4512 
16.459 17.4561 18.422 19.4021 20.4173 21.4118 22.4174 23.4834 24.4193 25.4064 
16.4324 17.3951 18.4578 19.469 20.488 21.4497 22.4156 23.3876 24.5036 25.4679 
16.4812 17.5125 18.4688 19.4547 20.4491 21.4629 22.5164 23.4691 24.3925 25.4311 
16.455 17.4645 18.4972 19.5011 20.4963 21.4492 22.3958 23.5005 24.5203 25.5302 
16.5551 17.5264 18.4856 19.4556 20.4387 21.4888 22.5385 23.4911 24.5042 25.4976 
16.4898 17.4924 18.4877 19.5337 20.5154 21.5325 22.514 23.5388 24.5485 25.5004 
16.4962 17.4927 18.514 19.5718 20.5608 21.5993 22.5491 23.5171 24.4926 25.5313 
16.5738 17.6091 18.5831 19.533 20.55 21.5422 22.5559 23.5608 24.5138 25.4744 
16.6196 17.5558 18.5918 19.5857 20.5722 21.52 22.4812 23.481 24.5998 25.6608 
16.6204 17.6373 18.6132 19.553 20.5168 21.5458 22.5748 23.5936 24.5913 25.5935 
16.5508 17.5542 18.5559 19.6156 20.6393 21.6134 22.6341 23.596 24.6569 25.595 
16.6068 17.5716 18.5718 19.6037 20.6746 21.6481 22.7041 23.637 24.5775 25.5877 
16.5976 17.6699 18.6786 19.6354 20.5827 21.6303 22.5923 23.6688 24.6578 25.6411 
16.7385 17.6992 18.6346 19.6529 20.6059 21.6313 22.6046 23.5854 24.6574 25.7163 
16.6813 17.6795 18.6607 19.6971 20.6676 21.6254 22.6842 23.6878 24.6584 25.6556 
16.6042 17.6109 18.6681 19.685 20.7409 21.7795 22.7239 23.6928 24.68 25.684 
16.69 17.7068 18.642 19.6878 20.7528 21.7376 22.7408 23.7503 24.6833 25.6496 
16.7445 17.6966 18.7917 19.7252 20.69 21.672 22.6689 23.6853 24.7637 25.7746 
16.8036 17.7772 18.7827 19.7327 20.7114 21.7066 22.6881 23.7158 24.7146 25.7514 
16.6902 17.7571 18.7203 19.8035 20.804 21.7809 22.7635 23.7726 24.7441 25.7195 
16.7143 17.6624 18.7537 19.7703 20.8294 21.8533 22.8584 23.7781 24.743 25.7645 
16.7826 17.8222 18.7764 19.7643 20.7631 21.7764 22.7974 23.8325 24.8133 25.771 
16.8925 17.8563 18.8106 19.8096 20.7455 21.7446 22.7381 23.7489 24.8173 25.9073 
16.864 17.8514 18.8388 19.853 20.8076 21.7876 22.7935 23.7741 24.8395 25.8328 
16.7627 17.79 18.8414 19.8138 20.9194 21.9069 22.8939 23.8624 24.8444 25.7791 
16.8344 17.7757 18.749 19.8746 20.9177 21.9279 22.9314 23.8887 24.8393 25.8468 
16.8549 17.8795 18.925 19.8578 20.8412 21.8403 22.836 23.9155 24.9066 25.9003 
17.007 17.9605 18.9098 19.8883 20.8813 21.8302 22.8392 23.8183 24.8754 25.9188 
16.8926 17.9418 18.9284 19.9636 20.9239 21.8857 22.8985 23.8796 24.8632 25.923 
16.8703 17.8759 18.9263 19.9202 20.9335 22.0138 22.9748 23.9541 24.9015 25.9016 
16.9746 17.918 18.8711 19.9027 20.969 21.9565 22.955 24.0053 24.973 25.9183 
16.9877 17.978 19.0079 19.9632 20.8814 21.9094 22.9338 23.9374 25.017 25.9994 
17.0463 18.025 18.9925 19.9771 20.9958 21.9768 22.9134 23.9324 24.9124 26.0151 
16.9486 17.9894 19.0457 20.0408 21.0285 21.9921 22.9878 23.9958 24.9886 25.9411 
16.9963 17.9757 18.9746 20.0128 21.0291 22.0404 23.074 23.9971 25.0028 26.0273 
17.0198 18.0667 19.0164 19.971 20.9887 22.0002 22.9864 24.1122 25.0862 26.0539 
17.0963 18.0502 19.0503 20.0333 20.9965 21.9673 23.0463 24.042 25.0751 26.116 
17.0977 18.0606 19.0608 20.0483 21.0909 22.0999 23.0781 24.0355 25.0288 26.0443 
16.9593 18.0489 19.115 20.1484 21.126 22.1106 23.0908 24.1082 25.0825 26.0268 
17.1388 18.0946 19.063 20.1009 21.1408 22.1374 23.1252 24.0794 25.0275 26.0806 
17.1167 18.1134 19.1868 20.1067 21.0739 22.052 23.07 24.0949 25.189 26.1565 
17.1998 18.1504 19.0947 20.1013 21.1284 22.1139 23.0801 24.1526 25.1347 26.1755 
17.1068 18.1505 19.1289 20.159 21.1295 22.1966 23.1909 24.17 25.1467 26.1241 
17.1123 18.0785 19.1821 20.2015 21.2256 22.1836 23.1809 24.1677 25.1747 26.1677 
17.2159 18.2491 19.1829 20.1524 21.1771 22.189 23.193 24.1948 25.1405 26.1516 
17.2158 18.2071 19.2122 20.2275 21.1587 22.1545 23.1605 24.185 25.2401 26.2564 
17.2657 18.2263 19.1618 20.1665 21.2348 22.236 23.2374 24.2112 25.2337 26.2159 
17.154 18.1891 19.2751 20.2355 21.2184 22.2751 23.288 24.2667 25.2645 26.1946 
17.2736 18.2287 19.1877 20.3126 21.3111 22.2878 23.24 24.2254 25.2069 26.2588 
17.2584 18.3032 19.3456 20.2537 21.2631 22.2465 23.2377 24.2852 25.2591 26.2518 
17.303 18.2565 19.2748 20.2763 21.3041 22.2705 23.27 24.2881 25.3113 26.3212 
17.2942 18.3102 19.2489 20.2641 21.289 22.3609 23.3601 24.3369 25.2987 26.2847 
17.2494 18.2693 19.3607 20.3643 21.3343 22.295 23.3438 24.3319 25.3335 26.3368 
17.4152 18.405 19.3445 20.3418 21.3756 22.3314 23.3202 24.2787 25.2734 26.3049 
17.3702 18.4048 19.4055 20.3803 21.3272 22.3289 23.3055 24.3133 25.353 26.3736 
17.3897 18.325 19.3202 20.3615 21.3487 22.3967 23.3704 24.3841 25.4142 26.4235 
17.3667 18.3834 19.365 20.3047 21.3545 22.4106 23.4864 24.4555 25.4309 26.3477 
17.4204 18.3541 19.371 20.4616 21.447 22.3997 23.3719 24.3828 25.4297 26.4389 
17.4234 18.5138 19.513 20.434 21.4092 22.4215 23.3899 24.3808 25.3626 26.4006 
17.4793 18.453 19.4627 20.4654 21.4625 22.4294 23.4164 24.4008 25.4453 26.4058 
17.4686 18.4293 19.4012 20.4281 21.4548 22.4406 23.5269 24.4917 25.4766 26.4741 
17.4374 18.4773 19.4768 20.4207 21.4049 22.4818 23.5186 24.5221 25.5124 26.5117 
17.5436 18.5168 19.4658 20.517 21.5425 22.4661 23.4376 24.445 25.4871 26.5136 
17.5037 18.5527 19.6105 20.5482 21.4982 22.5051 23.5158 24.4597 25.4486 26.4644 
17.5127 18.4962 19.4938 20.5651 21.5778 22.5686 23.5201 24.5258 25.4979 26.5205 
17.5263 18.5273 19.5122 20.4974 21.5198 22.5631 23.5595 24.6303 25.5927 26.5215 
17.6045 18.5406 19.5751 20.542 21.5073 22.4948 23.5704 24.5353 25.6182 26.6334 
17.6318 18.6447 19.6174 20.5719 21.5895 22.5373 23.48 24.5423 25.5794 26.599 
17.5832 18.6248 19.6265 20.6064 21.6093 22.6031 23.6312 24.5854 25.5481 26.5471 
17.565 18.5181 19.5432 20.6017 21.6947 22.6679 23.6809 24.6358 25.6279 26.6017 
17.5761 18.6103 19.5831 20.612 21.6014 22.6745 23.678 24.6901 25.6783 26.6046 
17.7165 18.6812 19.6182 20.6861 21.6382 22.6082 23.6142 24.6038 25.6147 26.6988 
